-410
781
339
121
642
-432
-663
287
-577
-177
413
-431
580
48
-509
531
512
-427
-859
-312
219
575
-393
-835
-442
405
-743
-554
-73
-557
-913
744
556
-303
-437
630
-106
-487
-693
-655
-422
-38
454
822
294
-241
-567
-849
-949
107
595
-851
-819
868
-916
850
-180
-133
356
-478
-888
585
172
493
-351
-474
-56
-117
510
-145
725
-142
572
-395
51
294
104
475
-452
-151
-306
543
706
-201
117
-783
942
-330
-340
-72
782
-153
148
53
881
877
706
-152
246
-62
238
-983
66
-786
206
-852
-351
-611
930
596
-870
-815
871
559
-345
-275
547
134
289
-17
834
650
-403
594
648
229
-330
-928
244
-994
-331
716
575
679
-842
-906
534
-332
1000
-835
978
-238
337
39
815
-341
-122
95
522
-560
-253
448
500
395
-905
769
507
329
-789
310
-317
-249
-655
615
-366
-196
517
-818
-794
-442
-251
-588
261
-6
-996
-651
785
102
984
48
189
936
-668
140
331
806
-245
-87
911
-507
-515
-624
-566
-41
-557
-198
-789
-575
-535
-764
-9
-281
672
635
596
418
587
-240
-226
-349
-642
549
518
914
692
-810
59
578
-112
-633
-187
-416
655
-330
-310
151
964
-208
-531
-135
878
980
317
-535
170
-286
707
867
-679
643
332
335
-741
696
893
-429
931
-910
379
-510
107
-842
994
-9
-708
-226
44
285
-581
176
239
-944
184
-632
286
-534
-225
197
870
-292
976
248
-281
209
474
176
-855
446
-731
-316
383
963
-586
385
767
375
8
-446
453
234
391
414
436
718
544
951
-475
-18
591
742
104
-984
867
581
839
908
-565
675
328
-327
933
256
917
184
727
-915
-833
110
-888
-991
-925
904
-634
-832
-866
308
527
368
-699
-689
465
-842
496
-276
-306
-469
541
-64
-947
438
-776
532
-691
-979
-779
-675
-293
371
893
413
-799
922
-414
473
228
-636
-382
-453
-827
45
-731
555
-313
-864
-290
-618
-794
748
272
858
97
-815
399
538
99
-933
935
-647
-672
883
-983
-131
779
300
-302
-252
838
385
940
684
-374
-275
-124
-521
401
-184
412
-902
-861
-920
146
-299
786
-134
-40
-153
186
-641
-548
313
354
-645
-478
304
111
594
-927
613
-418
247
723
589
-745
839
286
-263
-960
968
418
181
566
-777
-393
654
-926
-951
427
-163
854
631
891
-177
-316
549
995
99
-773
-420
-543
-178
703
-810
-582
340
668
688
367
313
-166
-993
517
835
582
-282
-232
42
-116
711
780
841
-799
619
-765
59
637
945
-510
620
-673
851
-192
-906
-516
559
866
-207
311
634
773
551
-771
-651
56
676
-955
-899
125
802
688
116
-757
125
990
835
-399
-780
-741
-560
58
-206
199
-676
70
926
492
-183
-352
289
328
-539
-701
320
-448
614
-459
-1000
-47
580
720
-6
838
386
-171
185
379
683
43
375
-648
-688
38
30
-187
546
-248
288
766
412
924
381
717
328
-607
474
-636
553
748
319
-773
-428
-112
821
745
248
608
610
861
83
360
573
-979
-707
-370
903
838
-24
234
159
-437
780
639
97
-333
860
497
822
537
319
489
-747
-110
-528
-907
-104
807
-423
-336
-463
368
-893
-908
113
-147
484
-910
761
216
-252
-690
624
80
-796
-524
-360
690
-205
198
-792
-527
-729
-57
625
450
27
-295
-164
-781
-243
-896
-36
997
793
-117
249
101
-797
319
19
-115
-543
-321
135
253
-298
544
815
327
-722
-120
318
9
55
-393
240
-750
917
-961
-47
-995
844
-213
-127
-244
313
334
35
-900
308
249
-796
914
-184
-606
378
-356
-933
842
963
-861
56
-336
-995
-324
535
-776
36
-622
-471
23
645
204
246
-829
123
771
-624
-566
705
796
-109
411
-956
77
-107
564
137
314
-526
20
-650
117
411
387
446
263
-230
300
-413
932
738
-790
-283
-518
-229
-114
-614
382
-442
296
-932
14
286
-757
-465
770
138
238
24
-275
-946
520
254
405
775
-452
-507
-884
139
229
-743
-125
887
-885
882
934
-491
895
-489
459
914
206
362
562
695
-687
623
975
-519
399
338
-959
-706
45
-277
885
-150
146
773
594
-708
970
-783
850
250
-779
640
787
-905
144
-494
818
-759
-820
-130
116
-60
-915
-565
-638
621
572
-760
926
225
-348
-527
-262
510
288
-159
990
266
619
709
-463
884
127
162
749
989
-882
235
865
-81
294
-345
167
760
638
692
267
-255
-888
853
-66
-778
510
-438
-386
-369
199
-646
-321
-332
-195
-965
11
-420
617
-632
-781
563
516
366
299
-783
-320
99
583
667
-163
169
612
492
884
63
396
-832
725
-823
979
-381
-167
398
251
-347
-282
769
-955
-833
-380
155
117
804
-962
931
-694
-913
-37
-142
2
-903
-594
-709
-88
-991
466
-674
976
497
-884
-940
668
-354
540
972
-124
956
554
-725
639
545
-80
732
432
529
128
-12
301
290
-271
-395
-792
758
70
542
121
-754
-192
-339
813
-217
-345
979
-896
-801
-243
-982
-294
-940
929
249
371
-889
-450
175
72
662
566
951
-291
-219
806
139
-216
-579
390
-572
-232
-215
953
-478
-71
682
296
462
-641
892
887
668
-185
-465
593
-584
-722
-121
669
145
-218
-185
-470
159
820
874
968
862
-460
827
420
-761
512
201
-554
-471
-521
148
-472
-768
-754
-558
-829
-776
-258
-809
597
929
-533
-108
587
963
710
-23
819
253
999
148
93
-584
111
538
564
670
-731
-514
575
574
61
-988
402
293
-992
633
-37
-224
-916
284
23
736
-322
-371
-271
168
560
640
-890
1
-450
-237
651
-155
110
974
-644
-173
87
366
-437
390
996
650
-740
292
-68
-918
967
-694
-227
-319
-385
285
-821
-412
400
229
672
-19
618
-803
-280
235
-182
-503
-4
-236
-344
103
542
304
-232
223
-58
141
668
626
853
-93
-312
-189
-80
37
221
-517
414
174
373
614
614
862
384
236
-723
-318
870
237
36
698
55
-274
-202
165
-866
943
250
-939
688
89
-332
-509
346
485
-594
43
766
-339
-234
-6
820
366
638
-390
-789
-255
-892
-839
838
422
446
-587
-523
390
-348
836
-270
310
113
774
-16
233
398
-888
-102
-521
-45
841
-470
-634
-230
282
433
-422
618
857
-647
-960
126
150
-62
484
-227
-711
-100
-862
876
917
-401
-893
-615
-315
327
-969
-918
534
46
-565
750
623
670
771
398
-867
-771
970
-689
-392
91
-534
796
947
462
-766
598
-86
-984
346
-639
530
-810
-153
890
996
-848
108
-897
-980
393
269
-379
854
-634
34
251
624
-5
-462
-760
-370
-287
2
294
-151
-54
-375
-636
-398
438
-483
145
474
563
-365
386
-504
-876
119
130
33
-106
-441
758
-639
-939
999
760
-351
-325
290
-194
-470
-923
-902
403
979
-441
966
157
839
975
404
405
783
-247
-980
914
762
-37
-258
-360
-817
542
117
312
954
333
583
467
-578
-381
82
270
580
-389
-80
-318
-747
-69
-123
-745
190
508
-537
-251
-713
-483
396
526
471
416
561
458
-833
185
103
695
-877
256
-540
-923
-775
675
-406
953
-709
-459
370
-183
367
-752
-374
980
975
-253
-877
904
520
212
140
-513
-989
832
-643
-69
-154
-580
-58
296
710
-395
381
-856
939
375
452
-356
66
-387
726
-849
559
623
320
528
-201
-720
-30
974
-816
-564
-801
-909
-163
275
924
190
939
-45
-826
167
-25
-217
785
-368
-17
60
297
594
-283
587
-844
935
529
777
987
849
254
-823
-401
-134
150
-616
-707
361
149
443
-669
481
-903
-894
-702
-746
-590
903
742
188
150
516
466
-830
-885
-289
-976
812
571
-388
-82
-574
788
179
493
184
-720
951
-267
64
741
634
-949
649
-512
-631
-996
-556
-263
-90
413
-26
235
-291
-944
-343
123
-336
-397
831
561
713
-185
-74
-220
-907
894
-604
547
-393
757
-23
-287
-10
-41
92
-947
-281
326
622
-297
-470
154
-848
-501
82
-299
127
-848
446
-235
-758
-474
126
-377
645
440
919
-7
-234
-205
505
-467
-418
733
280
238
661
-582
928
636
609
665
-117
-581
293
-242
-756
-193
-227
-804
969
-907
-11
-903
897
-118
599
554
959
-426
-65
200
-703
257
178
941
143
-635
760
234
-314
-663
136
199
-870
132
955
520
-399
-397
24
47
943
936
-569
54
660
-609
215
-693
-873
-429
78
693
974
-873
881
460
-749
-924
199
186
658
-749
506
-208
253
-969
-248
167
968
892
-471
-909
766
-638
371
520
885
211
-450
-45
802
975
522
608
748
444
237
-841
640
489
815
97
901
-9
-759
689
126
-128
716
-61
-81
-52
298
624
379
402
899
-991
632
-915
-793
-546
671
-565
84
331
666
235
513
786
-286
-607
666
40
496
357
619
962
-790
504
-528
694
-928
167
-329
313
-317
-866
522
314
-391
545
-851
411
-22
308
753
-25
-42
376
-447
91
-170
-530
778
-68
197
-302
-672
-44
-990
-111
285
606
-595
432
472
450
-120
33
-785
805
517
-847
-736
-843
-793
-312
524
331
611
-226
661
276
86
751
344
120
-929
-687
5
358
514
-597
461
-215
953
154
-67
-47
-833
-346
965
290
-822
-191
-47
-391
918
991
-837
387
-831
617
419
-676
540
517
-904
34
470
-37
-179
628
-56
575
-80
341
75
-402
671
632
369
935
-341
840
-849
899
-83
-375
277
229
231
-745
43
905
172
328
-366
318
51
-497
-358
-915
-16
216
975
909
-627
613
854
504
-674
328
-939
59
-592
159
102
-26
-295
-484
460
376
-903
-499
-328
-979
934
-314
892
-795
552
891
34
272
880
407
-652
-729
143
-386
-25
-251
-825
30
-333
611
-400
127
-46
523
175
-727
615
544
120
547
-314
-716
212
935
-618
497
802
900
911
-877
26
-661
-469
620
146
-781
661
-264
-56
384
-588
-628
182
607
644
14
236
-357
-269
-893
633
3
691
821
-61
-857
332
496
766
486
509
260
98
356
385
-165
-303
269
732
-32
535
-52
-258
-701
408
-943
-755
169
69
913
838
267
547
347
191
529
439
541
-807
-473
886
-472
-838
-881
46
-983
-734
-214
649
855
261
-54
-402
178
-15
-328
-1000
-521
905
213
-131
-914
224
-652
-919
-127
54
447
-475
-904
-636
341
961
-342
953
-497
-862
986
382
178
594
-118
-837
-500
108
364
-873
476
-272
-655
881
911
979
283
-880
-710
-975
-735
-686
811
-476
-698
884
-113
-158
863
745
296
-603
143
-810
872
58
-838
487
571
-623
844
8
570
786
244
510
-308
-370
806
-480
-246
629
-464
-900
-255
906
-808
139
27
-462
-595
548
847
149
-534
403
945
738
-418
680
-549
-512
-433
664
-528
526
-100
866
394
-769
401
-698
-264
-101
-513
795
-784
743
73
-749
-79
-583
636
-220
420
280
646
-747
-877
504
905
-798
-518
-546
-505
77
-519
127
920
-625
-108
-242
617
-556
-422
631
-737
337
283
193
618
-798
-158
348
-545
908
-499
-304
-64
755
128
-68
849
918
564
414
-287
115
-156
-589
-691
-295
-767
-816
-58
891
491
-829
894
656
934
664
-580
-372
-227
728
-591
-55
-4
627
715
916
710
580
-203
720
311
523
591
-717
-437
543
-469
885
614
698
222
-559
-930
691
966
-627
-619
566
-296
344
352
-733
478
435
-539
-417
-555
236
-968
-453
-568
421
919
981
295
193
606
-63
436
-105
843
-323
160
322
-137
-569
23
-441
545
469
235
-765
300
581
-817
577
-798
-717
-585
803
617
943
89
428
-923
333
-272
-602
-907
690
241
396
-401
401
245
-452
455
441
974
-457
394
-894
-940
163
-540
275
-824
-205
-770
732
326
958
247
281
932
450
-201
-274
60
591
524
-198
550
182
512
667
-823
-642
947
-605
-324
554
-553
200
35
783
136
-836
-823
-978
374
860
-973
-951
911
753
-921
747
435
-841
-478
839
-881
314
689
314
-867
-531
-120
157
648
-275
-242
-8
564
243
-923
-211
692
480
212
617
701
-574
-579
444
-44
465
-377
85
273
-424
872
-296
905
-796
-590
-566
624
-922
-409
750
445
-434
954
979
681
109
54
295
274
-518
-993
71
-195
-267
179
886
-672
-475
-268
38
-840
-354
-976
975
-546
1000
684
-356
303
725
970
242
-866
33
963
-659
65
484
-580
142
893
-853
614
-241
-34
-642
979
-669
375
-768
-228
-933
498
138
-76
-961
-346
352
-436
-681
436
949
-664
90
-701
-648
-159
-794
169
624
-831
739
148
715
815
300
-366
-683
271
-626
508
-721
922
120
-227
527
255
325
-200
157
210
-214
-798
-906
472
-944
-975
-445
-278
353
658
193
-611
331
-163
-532
-2
-74
-695
93
191
784
-373
-171
-350
-121
522
-70
-328
-780
-686
262
-149
887
-46
899
443
-438
576
750
-403
926
-193
-23
-743
-134
808
206
389
-648
760
366
-162
143
-82
-637
607
822
-216
-378
-930
523
-230
131
-879
-355
-155
-58
329
624
588
-289
486
-29
-575
468
133
284
-121
467
-81
-646
-512
109
3
265
-228
231
898
83
-114
511
-882
-109
151
-70
-34
316
-843
379
140
360
-587
144
968
-567
-937
-459
-256
280
782
862
878
951
-420
506
-466
-22
-758
-28
429
-828
-339
-520
330
759
-903
-407
-559
878
314
877
-121
-369
51
966
648
-507
-631
-940
232
-225
46
-879
-251
-726
-257
582
-224
-953
-859
659
226
548
103
-539
434
-709
-808
395
-744
-502
103
580
289
940
-101
-78
-775
740
-624
434
66
772
50
29
392
387
468
-774
-128
290
724
905
773
-272
-737
731
944
-520
-221
27
-659
-285
206
-794
100
669
359
-192
-384
278
834
-567
-280
-821
857
457
703
-24
-204
954
-640
227
252
589
-288
639
13
-588
-37
-6
763
-6
-763
-815
630
-34
63
138
-139
923
623
-747
-66
232
-263
945
385
-693
70
456
-103
-768
882
898
527
241
203
-917
-557
778
243
-178
838
-590
-177
946
707
201
45
254
-345
848
-782
-333
-886
672
346
792
727
940
313
-117
868
787
954
781
-251
-892
-184
346
-496
299
-909
258
148
-807
915
419
685
955
-752
-608
632
734
-181
755
115
-201
398
424
487
-151
-363
398
223
840
-859
966
863
489
-479
609
487
-97
811
-279
462
-562
-824
139
614
-800
664
468
583
-533
929
-561
-413
-874
-72
872
-295
197
-819
189
-516
928
932
-96
372
-82
825
899
929
-373
453
-416
55
653
357
-888
-296
-902
412
-756
734
-811
64
-779
-692
-758
-665
259
342
-54
-242
473
723
-503
-631
-583
-717
479
84
575
-981
-195
742
-678
-604
-251
-903
-399
-720
261
685
363
-336
-323
-455
663
-607
-737
473
-331
-397
-697
451
-664
101
-575
-872
230
-659
7
-285
458
205
827
212
644
477
-846
796
752
867
146
-562
17
342
526
484
-38
9
538
689
-440
46
-592
-550
730
-808
-866
-1
991
278
-623
-685
758
-206
-845
-339
678
-722
-718
-276
631
926
-350
-112
614
996
688
675
-18
-717
22
724
63
734
948
-725
627
-590
323
175
235
998
340
-105
-915
-486
-143
627
845
424
877
546
-880
333
234
-16
-561
-748
962
-161
686
992
-197
604
476
-430
-388
400
756
962
474
844
972
866
94
-875
-803
-119
-689
636
790
-77
673
725
86
-25
616
-319
-442
-417
-773
-809
-450
-613
-541
644
-630
368
762
-797
-675
-31
270
525
-72
857
-306
511
778
-401
899
539
101
130
-441
-356
592
-211
372
433
663
-379
480
-319
860
-739
215
-814
878
947
-518
661
440
887
737
-99
-912
119
613
6
531
363
174
401
-955
-209
-296
-654
-727
-216
-41
48
-920
734
359
-897
975
-912
-872
531
631
-232
180
357
867
-361
-520
599
367
48
-108
-172
477
-106
-1000
374
565
430
215
-197
887
879
-462
900
459
894
361
700
476
217
806
-787
247
-449
-513
-109
-1
867
594
-573
618
818
353
-418
-673
694
729
-634
-455
-599
37
386
923
-641
969
-630
145
894
173
525
768
-460
294
-276
-906
366
-921
-982
-206
318
678
807
338
150
-998
802
-855
-326
-376
149
-127
-375
-255
779
416
-936
482
-450
851
207
239
-593
-15
-49
404
-34
-291
-579
881
709
626
-895
166
-802
-567
559
648
-113
764
-451
-325
905
405
-58
793
756
-699
-676
12
-890
-639
-228
298
475
979
362
-240
79
524
751
-527
692
-547
-707
58
391
431
690
355
-200
-252
714
484
579
124
605
-837
693
-970
-678
-661
-21
492
-96
-298
-787
296
592
-356
117
-142
897
465
806
-503
299
-583
144
-229
-449
-461
856
422
593
-320
169
530
-541
161
-429
-328
804
80
-787
201
348
613
-839
-257
-414
-330
790
-959
-682
-798
-146
609
142
-15
152
-392
-273
241
894
-890
211
-626
90
561
180
-626
-999
320
262
203
-471
157
730
-378
143
727
-195
815
-640
-484
-539
-603
315
-527
-877
-688
-706
600
620
879
666
746
743
-760
-180
417
479
871
-824
-575
-424
-775
397
-796
-751
-947
544
855
-382
203
538
-638
91
-178
779
-757
-904
440
-55
-742
-845
210
185
-685
-786
-392
530
-314
317
380
736
833
450
-319
-749
771
-889
306
166
105
-568
41
60
-840
-808
-668
270
476
45
-869
-24
-189
527
853
-958
-988
-548
763
530
-931
934
-582
952
-275
-846
608
-874
194
-143
-980
-898
-101
-748
91
-58
627
195
636
-704
213
241
416
-644
374
-13
263
519
834
-754
564
-558
-625
-646
438
-12
-591
418
424
-669
78
-799
173
811
-100
-195
-453
44
509
-414
-60
598
880
661
-672
-798
247
-495
-700
545
729
129
-833
-242
84
-918
89
100
445
205
-841
719
501
-941
100
-39
964
-426
3
-376
-962
-917
-441
-14
-221
-385
-538
-572
162
103
527
-775
-40
-828
-866
-316
422
268
-945
593
728
666
998
75
578
881
19
-173
243
84
-233
455
-315
952
50
-91
-994
-731
-102
388
-807
-651
-981
-592
774
411
-865
-490
246
-78
408
885
-495
-435
-922
-996
-267
-135
431
-748
-140
240
424
992
-939
312
-617
235
351
148
961
333
-783
215
870
353
-494
21
322
-869
958
-945
1000
-60
698
-571
544
219
-536
43
-806
784
419
680
-379
-415
-387
236
-580
-468
677
-996
86
-199
710
-906
726
-909
735
833
657
-173
-753
45
-205
-840
693
-543
159
-309
720
882
320
-909
415
-323
-295
943
-467
-32
904
-365
-967
656
-674
490
645
-578
116
-1
-630
855
-207
-2
-458
-25
-551
119
-449
-697
725
-736
-591
-280
-306
877
145
-715
-281
-126
705
340
-176
29
-499
755
-341
-393
-177
259
-941
959
633
539
303
-425
-856
-315
-365
551
415
350
-634
261
-297
140
903
-288
345
270
525
987
-87
850
-237
-752
439
-190
-392
489
83
-550
-809
693
-397
-334
-311
-688
96
8
442
779
325
-392
816
701
384
164
137
876
128
564
920
-36
-905
628
-513
-641
-506
824
200
623
510
207
963
-521
-846
-56
833
-443
938
174
53
292
-833
-699
360
426
821
466
753
642
-769
98
-129
921
291
351
-859
-948
437
-112
-60
760
989
-415
921
-816
-480
-216
960
-939
813
775
-449
593
266
-377
909
619
-574
-255
-956
-389
50
762
624
166
602
214
-886
407
-522
-849
-264
-820
-898
846
699
241
265
-245
-155
-751
116
47
813
-759
-754
-524
851
695
74
771
-301
387
-772
356
688
-935
-369
53
598
658
-573
-947
-1
960
-209
-346
921
23
-468
426
-979
58
-466
72
671
-989
-852
233
210
-875
209
-824
-572
790
460
206
544
-250
432
503
582
-33
270
766
2
-815
-156
82
744
22
175
786
211
943
-154
928
955
-759
-681
-948
486
-904
-705
79
-553
-722
240
-555
-123
229
-703
-115
-1000
524
551
70
-564
772
363
-602
-537
593
462
721
446
-219
-216
-589
-677
337
-8
-99
553
873
-236
-394
-384
-672
-647
596
870
-591
45
-925
212
416
58
-831
131
-143
166
-954
780
-952
-891
-445
-913
-150
-168
588
621
325
-290
-653
403
756
-620
452
-383
-799
-379
701
-845
-73
-819
295
260
845
825
-51
130
330
-798
-483
213
98
-683
725
207
307
-185
536
-266
111
-210
612
-886
-87
-344
318
-906
552
354
-208
855
705
-703
923
87
-949
664
-680
865
-467
623
-4
-648
11
-695
-267
-10
482
-198
481
247
166
-274
-243
-120
-591
-742
585
-17
680
-323
7
-732
-461
136
841
-742
449
-397
-815
-98
-221
-938
32
294
-284
-575
260
388
325
-777
641
216
662
-381
-85
-503
-22
383
964
194
494
277
-515
-909
-931
175
928
796
283
-722
-535
-682
636
566
-55
-987
633
534
-63
37
333
-654
-607
826
996
144
732
-53
-79
310
-706
-489
-778
400
-676
465
-862
-791
194
-24
-416
681
898
655
450
915
-64
344
-554
294
-740
-255
481
-576
-47
4
451
-902
54
-118
348
-425
-876
887
-186
-604
-315
991
542
608
67
335
-793
-199
-147
73
68
-188
-182
302
396
363
-901
427
-741
-204
-531
-225
748
-314
52
486
-697
688
335
-79
724
-655
-941
-487
-715
-221
335
-504
-368
-18
-668
540
585
-73
-325
-427
-339
-775
-34
121
-39
74
774
188
-251
-719
-570
701
-715
-147
353
807
90
-164
389
-430
476
-702
945
999
-410
668
257
570
258
-954
658
616
989
356
61
-233
175
709
61
870
-298
-542
-314
-687
-945
-532
-112
23
228
-215
642
-711
-402
-802
-256
388
-369
623
-942
382
-586
-634
523
386
717
120
50
603
511
543
-186
-951
248
-787
765
-472
-68
993
595
-993
353
-947
-566
31
257
-531
-927
243
679
-674
27
446
297
-387
-315
397
-137
-561
-199
986
420
276
246
154
-821
-826
805
844
252
5
761
320
-664
790
607
673
165
788
-500
-769
961
359
-133
-818
-228
-233
748
359
-76
-778
476
622
899
-973
484
153
701
658
30
-700
-807
-156
456
649
991
-429
-751
-344
939
-407
-820
758
-503
-831
-262
76
440
975
-615
603
196
-155
24
-446
963
-609
450
-664
368
-623
-349
-42
-212
-46
892
583
404
24
212
-396
-315
968
-217
357
-731
707
-608
-498
753
-185
823
400
79
489
70
-347
-934
-157
587
758
-442
782
732
-216
-236
-752
94
-202
-159
-662
-544
-42
474
-75
-712
801
-805
26
128
134
382
-551
-246
-160
211
441
93
-618
-456
-876
-927
367
700
624
-984
745
310
-117
-743
480
652
-903
-703
-972
-283
-316
-385
-847
-877
-763
214
354
-26
-19
-771
684
660
825
-726
-793
267
890
-300
-937
-925
-506
-497
169
-595
-615
-849
-775
-443
583
-855
-189
408
946
-537
-674
381
941
-358
-150
-758
-449
793
-403
674
-569
-893
-185
-389
114
-953
235
4
677
-377
-725
361
-822
219
-8
66
-989
-918
-78
950
568
-764
279
-47
-64
962
-157
35
581
-240
565
863
-522
-218
-723
940
-78
-499
354
-323
-605
282
-599
585
352
317
55
-641
-680
-420
-629
-284
272
592
558
-679
-360
-110
-187
63
970
-325
249
140
-966
148
190
-543
6
-168
34
-9
-518
-623
-879
-140
891
267
168
-839
-797
-858
-615
168
61
44
-380
-434
-51
123
-226
53
93
417
-818
-951
-383
889
594
657
613
-738
979
-934
-167
29
825
-289
-893
239
-516
976
645
742
-8
-379
-244
-255
609
-637
172
229
473
215
-45
182
73
-916
934
-265
321
-862
787
342
146
-944
-166
655
10
791
-374
-85
719
-220
-432
-85
158
-98
665
581
-686
-536
-351
620
173
327
-265
883
222
678
-346
-508
-716
682
98
447
353
-168
-19
-559
856
-845
37
-248
275
-479
477
969
852
234
-104
26
680
-892
-770
3
-399
-63
933
963
-53
288
857
-489
256
-531
932
680
872
-223
46
316
39
381
148
-928
-27
33
823
730
-581
-338
517
-793
801
171
639
-566
-814
374
-828
-685
223
431
34
-503
-886
520
-265
-279
-412
645
-676
579
192
-102
-899
436
963
114
605
-752
-574
-883
-929
-915
-428
-776
-176
-923
462
-508
-163
432
603
-781
-987
-535
37
-879
713
403
651
896
-980
792
677
-967
-881
-742
-500
267
87
-290
-597
-817
-414
-292
-139
-613
-850
-630
-144
-785
-670
-815
144
-860
210
101
271
-130
760
-814
-406
-25
-489
-249
-629
390
-798
-115
-401
80
90
270
769
49
-687
-117
-779
984
22
-870
724
658
-19
-757
31
379
-587
-420
-833
-383
688
-105
375
-368
143
-105
351
1000
57
-113
294
324
-683
-544
234
-470
662
-772
-362
377
-812
522
-680
113
84
-453
-439
520
396
-602
391
43
210
794
-737
39
-415
539
976
-263
246
893
-912
-37
-353
782
-883
412
-611
629
-547
-946
-932
671
-187
-228
-258
-248
-599
807
-466
393
238
488
720
369
375
-938
-740
-735
-576
-564
225
-636
960
881
-97
-621
280
-895
849
759
-118
305
730
363
-233
-314
643
-686
854
766
-273
922
759
-349
-766
237
291
-23
572
406
-129
245
472
470
823
-468
-672
-237
-128
-881
-471
416
-267
-207
553
470
173
774
877
864
632
-594
934
129
-221
105
875
882
-169
891
112
377
630
876
16
-208
953
-486
-684
421
-915
-268
480
273
-532
-371
-265
736
-798
998
-464
-341
-131
708
313
-129
-94
803
426
262
281
116
784
724
-321
-831
730
733
989
340
706
107
239
366
-763
-518
827
-98
303
-548
-645
-34
-385
169
536
-867
-841
944
-57
867
38
-44
578
578
88
283
565
598
-56
914
552
-433
-967
-254
235
-156
-363
-435
-523
-848
27
888
646
536
805
-482
131
-827
-702
122
-344
645
-848
-871
878
969
-909
-262
-818
-243
-353
-165
-920
-563
75
-644
998
-605
730
281
-73
-128
-118
405
-509
495
-573
773
929
-833
433
-261
40
-75
-681
-664
-820
831
842
376
495
876
-374
172
-755
699
930
-526
-288
123
-479
-13
661
668
62
430
-960
-535
-850
-148
-690
-584
763
904
-157
-3
79
948
-718
-977
399
-556
852
846
-689
-693
115
711
897
-893
-852
788
676
-675
-250
590
16
168
-918
126
505
111
-415
-599
-423
400
-382
837
-977
135
276
279
-531
-903
88
-886
-109
-42
-982
573
-452
-287
-502
-137
742
-740
-537
-469
-500
536
23
-673
-154
-975
-63
89
292
639
-207
-752
-710
727
-15
723
803
-637
959
-251
-50
124
309
-322
-18
-342
849
-149
820
189
991
399
184
76
599
-383
-730
-834
610
-699
-402
-120
484
440
207
-993
810
-48
500
-782
-958
527
-348
-649
29
-449
-664
582
737
-611
-420
532
-404
-24
414
146
-874
-550
-974
468
-860
-700
219
271
981
554
324
-214
-188
663
-403
-578
818
764
327
-754
539
-181
457
-11
-501
727
27
-589
886
-338
807
-94
-859
-387
293
872
702
-157
828
-438
-138
541
-245
585
607
58
652
385
801
50
-499
-476
-741
160
521
368
-981
-363
-105
-532
-721
208
-954
99
-912
166
228
180
-157
242
-391
-624
-152
-184
-180
880
-574
-49
835
-680
-830
283
509
-690
-803
-390
-258
526
739
-130
-286
-990
309
106
-394
20
-973
-658
-838
157
462
385
665
925
-919
379
-808
110
-571
-299
337
-608
-867
221
-27
287
-48
848
385
-864
788
834
-207
309
-768
824
-756
-269
-280
270
914
529
-948
-209
342
-947
-686
61
9
493
773
535
17
124
-184
319
-240
-8
746
975
759
739
-521
-41
-971
-178
-768
-947
308
-964
931
-900
758
-691
-364
494
344
325
-918
-842
143
408
-541
292
-457
74
-765
813
344
930
-274
-330
616
-725
511
-112
183
-177
16
-936
53
-278
-90
-942
-315
-293
-118
-245
209
333
-449
-9
-127
763
477
95
-779
521
-969
995
451
342
611
391
-84
698
-226
-480
363
4
-317
665
252
-87
-672
545
409
853
490
-573
827
475
651
665
-350
276
844
405
653
19
992
611
-498
-627
686
695
958
-892
-983
968
-126
1000
-87
393
-534
-611
139
366
-996
-832
-246
-361
-659
-558
526
409
-705
220
-575
677
139
-728
746
811
214
353
-824
809
728
420
923
936
-849
-993
-308
-741
83
226
538
-737
796
-310
-277
184
117
183
42
304
313
-538
-728
912
149
-139
539
937
-788
50
-565
725
-387
707
225
637
777
-506
-122
-934
-388
720
196
673
-279
-809
-557
635
-100
-474
-546
425
461
999
669
96
-598
477
-170
666
-250
-161
777
53
164
657
464
885
807
92
712
-866
-643
488
-278
742
813
-272
-893
-446
780
663
-831
-622
638
-831
258
-181
-570
-259
-42
759
-485
-121
980
910
120
-272
-685
810
427
-70
604
-424
-199
956
130
0
678
489
-518
-287
-282
395
-110
198
551
-705
-984
-571
-376
867
-397
-538
713
-651
-998
611
212
-39
-514
-499
60
-810
-974
-314
527
940
-711
346
716
-630
-438
-985
-543
-906
-723
-714
-580
-865
834
-854
378
-25
478
-260
-923
11
197
-432
-232
69
-710
-941
759
19
-967
-144
-553
492
-862
-940
130
-271
997
-122
943
683
-147
-749
937
-174
-622
-295
-969
-257
-17
-94
50
951
-832
-929
723
620
495
760
642
-487
-854
-329
695
428
149
883
-411
-956
934
-323
922
-510
-58
505
912
873
666
-136
95
-838
997
-684
189
813
265
-405
-23
709
-120
229
345
526
-426
776
649
-464
-855
145
-248
223
-930
-116
395
139
853
113
481
36
852
-517
837
-171
-274
-332
-700
-73
-697
-993
-388
308
327
-699
705
450
-510
610
-22
-987
-920
298
-789
-890
809
663
10
863
932
510
-201
-328
-465
658
-782
736
624
640
796
37
558
-452
-381
-207
22
308
-539
291
228
-677
737
388
833
-53
-892
894
-59
512
-602
-52
901
-421
407
-825
867
969
-412
577
-211
-492
871
-365
-954
-541
864
245
779
845
195
-985
-500
706
-56
325
305
3
-156
695
598
-868
-38
690
-993
500
-122
361
-998
-325
-25
811
853
397
-977
859
903
-88
569
822
318
-169
402
-151
-363
751
127
-115
-504
645
-372
-177
552
415
553
-949
-977
619
470
-596
-60
570
142
68
-862
-191
-750
632
-92
-617
558
-675
-158
-581
809
-57
692
132
-952
-337
49
36
188
-818
-541
-47
-862
204
570
-384
806
-45
-34
-8
-494
743
308
-738
-520
-406
-620
-137
-427
832
-975
182
553
891
557
-384
-291
-809
21
-966
-41
-890
465
-472
421
223
326
470
192
-941
763
790
834
902
565
198
-154
-640
355
-873
29
-479
-353
-901
-671
-30
279
426
-231
7
-352
698
-686
860
410
873
279
459
110
-589
-157
-871
-576
166
-505
-690
243
-722
-406
-695
62
653
859
-407
823
44
748
-372
699
-708
-327
884
-153
887
-348
440
230
-817
60
736
-655
801
-645
749
621
624
167
470
24
-549
796
18
811
234
-655
628
627
-211
199
-848
-471
-492
358
-398
-236
-833
-691
69
-692
112
80
-735
801
-121
561
130
-126
-759
-108
61
-907
212
-412
430
-123
-858
-432
601
647
-776
-601
643
28
882
727
-587
627
-311
-336
-247
-488
266
802
-961
560
-606
-973
682
-602
-962
727
-882
985
-247
730
-5
-969
617
-231
-495
714
-219
363
-657
-317
593
927
939
313
-459
-305
200
572
-240
986
410
338
201
-638
-939
-584
606
547
853
-571
205
642
605
874
117
849
155
-893
487
686
-336
-910
-880
-267
-602
409
637
743
636
-979
-347
322
425
385
835
935
-3
823
-849
740
275
-710
-94
-350
-16
-613
-461
-245
29
561
-33
895
-637
-639
-465
168
631
169
176
137
389
-981
-562
646
-388
583
246
789
49
477
521
795
470
630
-243
-875
-842
650
383
-326
-390
-454
-499
70
199
212
454
-940
692
-839
427
-933
84
456
259
-820
793
684
828
187
-63
-804
467
520
796
-780
735
773
-91
-766
-499
-691
-843
-207
888
439
-435
343
-903
-361
88
380
-955
527
-263
827
-544
-424
191
824
669
917
-491
-600
-838
623
683
-318
523
281
-543
788
821
-805
786
50
-463
786
-554
-508
164
-830
-416
360
694
-596
-257
-718
802
947
-676
-475
-344
-717
-408
186
-77
560
-774
958
498
870
-960
24
-775
-214
-969
269
-943
714
805
-434
694
230
162
980
291
-619
-305
-355
-833
193
-746
101
-241
-24
483
-693
-845
-57
-95
-295
-572
-229
-936
648
-143
742
-849
-212
-439
-135
-145
-378
770
493
-186
-266
109
79
482
512
335
-543
-554
-209
541
399
585
-267
-751
-415
-729
-642
252
-104
1000
917
200
-885
805
-955
232
850
98
-26
497
5
-874
65
-563
830
-539
-523
-133
-327
-927
-337
-639
460
790
-978
583
-473
771
841
-671
686
-894
364
-354
-261
605
-904
213
-415
315
521
-360
-570
329
619
476
-435
465
-466
-662
-457
605
-977
820
168
-74
701
-663
462
355
-277
-218
651
420
-612
673
-507
474
386
551
456
-402
-144
604
-201
970
442
460
-697
-979
-675
-888
-945
-270
272
146
80
-40
-283
-933
-565
-293
318
-908
-881
-197
-152
860
-769
470
-677
-703
94
703
-894
13
-51
-252
261
711
485
-618
148
513
-861
891
797
-453
-271
-546
-598
458
-646
782
-452
451
-914
-676
410
-176
-704
-703
-248
-632
538
743
5
331
-379
-916
-693
-206
-1000
-270
925
-843
-384
-323
-526
972
-617
199
34
22
196
306
-329
191
-204
15
-341
527
-222
-514
-803
-991
171
-677
-417
-119
308
613
-931
393
-971
920
898
425
948
499
32
-707
-169
235
-666
997
438
312
-881
-533
481
-313
-536
18
714
915
-200
375
954
-457
-612
868
511
-804
831
45
-992
659
581
-784
637
616
-568
237
811
851
674
120
849
982
410
213
364
532
726
-66
-623
-890
-385
511
316
816
-243
542
459
495
277
822
248
776
-989
-115
786
-690
748
-108
-61
236
53
-324
-348
495
307
-599
906
-331
-355
-793
-353
-753
-287
-441
-821
-108
976
-68
821
-34
-152
-724
664
647
259
974
-9
989
-158
-640
135
-546
-652
-268
583
-163
-813
252
889
-159
286
-841
228
-330
-30
-798
96
-429
-814
-448
-252
-84
342
-262
-522
-527
426
-377
874
795
724
476
-685
-895
562
-356
911
-756
784
112
-663
63
18
268
-856
869
939
891
-111
-119
-739
179
833
293
-931
976
-477
99
-475
929
-424
-463
751
-230
-798
-644
-363
-379
774
-499
-219
-858
-55
545
-702
649
-268
-421
-919
-94
679
-966
18
215
37
680
-536
-144
-470
835
-256
382
-91
-465
-843
947
-817
27
515
-867
946
639
311
-887
152
196
-247
-628
323
-971
-444
-577
-591
-601
-537
-1
610
-683
861
-465
643
670
-427
874
834
-613
859
-474
841
246
194
496
997
-865
-822
-631
542
118
396
-919
-841
598
-701
41
863
-83
665
834
462
971
925
929
257
265
382
486
-220
-959
814
-810
-299
-682
678
200
-572
-779
460
-917
69
181
267
230
251
770
-325
215
-748
282
-165
149
-500
-286
-239
-793
-199
-564
-162
-55
-619
-132
-275
-531
462
-972
870
631
-159
680
776
723
-106
449
-962
82
-318
-459
396
-691
65
-6
801
-957
873
538
783
706
-498
-598
954
-828
-35
-317
-398
142
-111
179
-95
382
-689
-160
-771
-907
-414
-310
-555
577
720
584
408
-330
134
-1000
-551
-518
-523
-202
-592
-714
418
-122
-434
-813
-278
-202
-791
-778
603
-204
-868
773
567
13
-237
835
992
949
-532
756
97
655
-38
223
-423
-245
382
910
-631
69
-394
-419
-670
-103
909
22
-205
815
-426
530
870
-435
915
-38
286
715
-159
-864
648
-125
785
2
-605
883
-868
-977
928
111
-845
443
324
274
923
53
237
-41
-414
183
747
181
-168
797
-626
540
-832
-631
184
-49
-913
-217
865
-994
25
-456
-109
879
-709
-93
-708
-861
228
-158
193
283
117
-468
-96
338
819
71
777
-646
651
83
19
822
-558
-416
658
372
667
-734
-126
352
388
-899
350
947
882
234
-332
-254
-820
948
2
-86
-888
-162
782
661
-274
-180
227
-952
-441
284
-414
-927
-887
-470
333
-645
-895
168
-888
-500
830
443
-791
183
-526
-360
672
629
-449
208
229
946
-546
-268
-781
571
176
-29
936
817
-155
460
-133
588
128
722
-299
-155
757
-465
159
-930
510
627
560
331
143
449
965
764
498
-941
515
213
-769
603
993
-96
-679
-608
-715
-605
495
717
-860
-817
144
626
-500
-471
593
830
769
70
-574
-346
-624
173
859
-58
-679
-707
861
771
-54
488
108
-634
-104
-207
-200
-849
965
675
399
-95
494
161
248
-60
219
942
-537
-728
674
-810
951
-881
-568
17
-749
164
-763
976
-284
-910
-444
-150
-186
-878
-925
-240
712
657
529
747
203
-269
-661
-284
359
34
-922
-739
-843
544
-386
-566
592
645
741
-182
-359
-5
-40
-889
-64
-503
859
551
-574
-291
828
-895
-357
680
299
-263
309
-899
2
-224
-690
726
-929
812
-368
254
-495
999
220
773
476
-363
277
302
389
790
-530
613
-67
-325
-110
-195
117
192
-216
980
883
-956
651
715
-7
-662
-901
908
159
-132
219
694
-308
-257
436
-456
477
-240
829
-306
-354
102
935
-679
-747
-325
-719
724
790
898
970
-875
439
326
-375
-477
-981
627
-151
358
-697
622
311
-328
878
238
377
976
-416
122
-652
-453
-638
119
-46
825
390
5
428
478
-336
845
-919
50
-305
688
-467
246
544
124
119
-571
-105
-325
-708
165
232
-552
817
587
-429
531
690
-289
-528
-796
292
-573
401
41
236
-802
-184
-564
787
793
-647
-865
790
455
-373
-536
447
225
-967
354
-196
-841
-778
-75
436
-11
275
341
222
-118
229
805
-227
-918
403
559
299
742
-229
-521
485
-272
-261
-59
-605
-672
-408
277
-407
-510
201
-213
515
941
-884
83
529
428
587
209
-795
71
181
693
-663
-37
-548
-66
958
34
236
-324
845
-987
-383
641
514
782
-236
-535
-715
412
-692
709
313
327
226
-623
-168
-75
-814
400
146
-322
890
-550
-45
565
20
-63
956
664
759
415
-517
240
605
-904
-600
-255
-860
434
-921
925
737
-39
-842
-475
-495
-86
300
-826
873
-694
-57
-974
154
-428
934
-272
-562
586
-244
371
-451
-161
691
686
-921
-7
-998
426
-818
-76
-401
828
-970
-221
601
-659
-94
484
-760
28
-34
643
837
502
312
-718
707
610
-376
-724
696
-485
633
304
-625
563
517
-777
-736
-525
-691
-38
-985
-678
310
-529
918
-667
-301
-359
981
280
179
-183
-482
831
-413
-477
-301
213
831
-639
244
448
-656
875
89
-110
932
-405
-526
653
366
-254
-803
324
897
-767
382
-97
97
809
-542
900
-296
319
181
186
141
-810
640
632
-187
101
460
-591
392
685
458
-158
890
430
-579
298
638
176
703
926
202
613
624
-499
976
-336
-865
333
441
-496
-583
-281
-758
-28
603
872
787
863
448
810
-667
-58
-830
834
897
-925
814
-174
740
-192
989
731
4
-214
356
500
-41
792
-474
37
284
601
933
127
-218
821
-167
-696
-732
-860
293
-123
-408
717
665
858
-557
29
-454
244
673
370
-509
736
-836
280
373
343
-62
-822
638
264
-952
-325
-932
-495
420
782
651
39
-812
-744
-852
244
341
-739
18
504
-831
-514
695
723
-444
160
739
989
-396
410
75
-881
503
-768
527
-450
683
882
-896
-356
-468
-123
579
383
-267
257
-999
-277
153
831
-684
-595
43
527
-63
-792
984
-995
903
167
663
502
290
-752
476
-634
33
-746
-272
-168
-619
-854
867
-421
-288
-649
220
-347
-801
10
279
287
-530
-486
-95
90
-201
-438
47
721
531
-757
-145
891
-984
985
449
-168
979
-252
528
-545
272
602
-998
-254
-881
21
-754
459
40
-253
661
-519
-11
-757
-847
-337
11
-678
-263
-970
588
686
987
254
-551
-259
-311
-465
-568
133
-708
844
-469
-926
414
-51
859
820
660
-137
-823
-982
759
-901
634
-95
664
649
-577
243
203
-627
-92
-467
-363
-527
-825
-881
498
72
384
-817
965
-188
304
416
9
-511
-522
-677
-507
-84
100
-589
-391
-691
804
-469
808
961
-752
-329
-239
-151
667
198
965
-42
710
-487
174
451
-538
-167
278
-242
-994
-466
647
95
949
-878
-838
-88
485
478
527
450
989
345
584
-891
6
-903
244
-557
633
445
-808
-34
-96
-114
534
180
505
858
-380
-755
-515
-350
-728
79
-263
591
274
489
450
962
730
479
439
994
-256
-754
-797
-22
-816
602
569
-13
598
926
-821
326
-605
-355
-861
-57
628
936
-646
443
-585
902
-223
233
-406
-988
-810
-859
887
962
139
4
672
-794
782
981
849
-412
-823
-96
-998
-678
163
-340
-596
-398
-123
-581
977
317
-358
-718
386
662
-853
-729
902
-192
366
190
-53
-128
-982
-564
36
-113
-843
132
483
-76
-580
-821
-894
454
-21
-550
-936
-428
-183
-288
100
252
670
-413
12
334
838
804
147
279
-822
857
871
466
440
633
-701
988
-484
428
69
591
664
113
267
840
755
680
304
721
993
-760
895
959
531
122
-289
885
783
-401
97
-703
394
915
-194
525
-210
570
619
726
467
-967
-576
-551
364
498
-402
823
-194
-525
814
-717
-739
-895
-717
110
833
677
-51
-303
-225
384
239
-465
715
988
909
-953
67
-728
-761
-428
-944
-576
28
626
-430
-809
371
-865
-209
-210
-622
-142
-943
715
-155
-665
505
621
365
-94
374
-801
686
-450
587
509
-657
185
365
-248
-115
-633
41
950
-681
835
-481
217
212
-252
-755
430
-633
-137
744
473
-489
-915
521
-530
-39
-771
-493
-670
-727
-973
16
423
-81
-559
-254
-122
842
600
-5
-73
-168
902
372
-281
-6
870
-503
293
462
-18
-980
457
-172
430
168
-8
-551
127
411
948
-685
472
-216
-113
602
646
-315
-354
-628
800
867
-676
379
-907
523
63
484
-860
770
401
575
672
484
-460
-999
547
-820
-293
-292
-740
245
-266
611
413
-681
-733
-317
636
785
554
-153
-567
243
530
-594
360
733
589
-827
-108
590
205
325
-224
-771
-160
-52
723
-108
-790
621
675
-608
-137
636
-122
-624
-959
-779
-612
88
818
158
289
-357
-528
-813
418
-405
-61
614
526
704
277
-926
321
666
-695
408
263
-417
-815
436
421
106
-89
520
669
960
-627
475
462
-697
-185
240
-713
993
-590
113
976
-800
-11
704
702
437
-367
-552
523
-497
657
-524
-312
646
-869
-235
51
-82
-447
-600
-310
467
-243
-378
775
-141
-699
-276
-105
-183
-188
-151
-411
-870
-714
277
-269
957
837
-595
782
-285
-402
843
864
-351
-484
229
434
-33
-468
266
798
200
-915
-284
-516
305
-383
577
702
365
476
143
-270
-771
-971
203
774
379
555
-491
-283
-757
-259
666
956
-656
188
991
-245
-503
785
-420
208
-58
536
10
81
95
-24
-794
-819
-134
-733
512
519
-374
486
-19
6
-507
137
-736
-714
-595
590
-372
723
771
-257
256
-474
-128
-254
47
779
314
-468
592
-494
562
820
387
185
399
-728
-694
670
445
424
48
679
-640
-606
-698
174
256
471
822
937
-868
-474
-586
976
-30
161
99
-598
560
113
700
393
-179
-959
-707
-415
-114
-720
-255
836
741
-360
-285
-911
-411
-808
556
15
395
206
-447
340
-866
356
664
-996
-484
-408
241
134
-101
-373
-885
-976
939
596
-639
-380
-479
693
242
-392
511
-292
-581
-694
250
-477
220
-716
-343
-599
-442
-966
-138
227
508
461
969
282
3
-339
833
-156
610
100
-88
956
-179
164
199
-216
657
-461
285
745
310
314
165
138
-79
759
336
380
257
905
-609
501
244
174
-833
-955
-989
981
719
-313
-971
120
-175
332
623
-940
-77
300
161
-107
-364
850
677
-953
862
-193
521
-407
-27
828
623
-911
-992
-705
-370
-833
-529
284
-277
931
894
-47
-757
-589
-225
-238
-845
527
-73
-889
-108
-138
-6
837
395
-154
740
-741
797
968
941
78
-264
-657
835
-209
-669
-915
-34
530
380
-925
-333
759
-391
292
616
994
346
570
-749
-376
-233
204
-436
703
80
561
-855
-158
-92
-839
-932
-648
-436
-288
-122
318
177
-460
-800
341
-226
-297
-705
-876
987
-105
-393
760
927
-956
893
-809
360
-932
777
416
816
425
-806
-415
267
-683
316
140
-528
-291
40
408
-312
353
-894
62
270
-975
-464
-426
717
17
374
663
703
732
936
570
-247
-96
913
-599
430
270
421
-152
837
-761
507
-272
918
57
-56
-232
262
773
4
881
302
207
679
-29
82
587
-100
684
-279
191
-817
484
-199
-452
-961
-417
692
232
-620
566
311
415
-632
-129
451
95
-596
92
-509
-113
-232
-26
-150
135
152
648
-122
-37
-436
324
248
-389
-884
-322
695
-181
-630
22
171
-536
-955
-175
-480
175
-658
-436
-744
-241
470
-505
-698
-335
605
-535
-413
717
-644
-52
-336
176
-283
-439
657
-701
-922
105
670
223
196
852
22
-555
970
65
427
293
-672
-571
-270
679
376
280
-838
478
648
270
60
-305
-521
481
711
676
-459
352
-639
967
-711
-948
-401
953
-774
429
-74
901
-141
370
-326
-438
970
-44
262
-268
309
-500
728
814
656
208
-499
-667
-388
758
-138
89
737
-320
-666
563
946
-545
-534
108
944
207
341
-370
449
875
511
196
-252
-433
734
-421
733
-846
-83
-920
-591
162
444
-216
-200
-203
152
405
687
-55
-898
799
736
-189
76
-405
767
-763
-125
-792
-524
-617
669
-425
325
-625
-550
-467
92
-649
-294
-827
499
-763
-965
131
-630
-724
417
669
743
114
-278
-575
376
-733
-546
878
480
-723
-759
223
32
-780
413
-826
-476
-638
-22
71
607
-805
-829
665
-809
-351
-8
941
749
-894
-28
-267
-847
-988
-779
216
-463
-27
-691
441
243
524
219
-356
-281
876
845
410
697
-799
653
837
590
966
-533
-283
-93
819
-974
-976
-315
-971
-236
778
-504
347
-119
-85
-574
-419
-634
481
-106
377
816
81
-817
-161
-992
-384
-404
72
419
-424
-409
-581
-929
232
-35
-397
517
495
-457
-216
-185
-273
251
217
-273
599
-211
-321
-808
726
-924
438
-383
-91
-473
211
133
285
-216
-517
-201
-765
398
-78
-107
502
-555
-788
107
794
-217
-301
383
156
243
-771
-162
-377
310
-523
885
547
876
-820
-414
250
330
501
416
123
657
-566
382
988
315
-602
865
146
506
811
-289
421
868
613
-52
-828
-142
506
-850
-538
613
869
-704
-334
143
-381
414
-526
-714
-595
811
857
-60
577
728
763
125
-617
-137
-887
690
-384
136
865
-221
-187
602
-332
750
177
10
452
-843
169
66
-223
316
768
-471
346
-626
457
-175
699
807
529
479
-502
-435
-924
742
807
966
-865
335
27
196
-404
-762
-368
45
-565
-401
-680
-728
-755
959
626
389
-244
-223
69
281
647
-466
-182
-161
897
459
-328
-554
839
-132
-198
-303
-703
155
60
242
100
411
-661
668
-331
384
169
-830
1
105
935
-105
460
-520
899
-413
252
-166
-929
-457
438
-494
-865
-93
983
570
105
-287
210
455
37
513
429
-313
868
982
831
235
889
-768
251
-657
950
236
858
-698
812
256
-932
984
588
-610
812
-761
842
750
-50
199
-286
-766
610
-526
14
539
-191
-622
378
496
-373
-782
130
-310
747
-35
164
-752
-381
941
766
644
685
211
-670
366
-830
-609
213
836
743
751
102
-45
-758
128
-267
-953
-4
737
-809
-149
-731
-593
405
-651
961
-839
547
868
-360
-915
-300
132
174
158
251
404
-874
-421
870
-944
742
-667
-782
-976
272
-899
757
632
-466
-530
244
655
-333
226
-532
714
993
-599
-732
-354
-308
-623
467
375
-252
311
858
253
-711
-529
366
-320
30
844
-695
-299
60
-372
769
-364
-155
-271
32
-521
-930
428
200
355
-884
462
615
133
-163
-160
-294
-139
586
264
-250
-413
757
363
760
0
364
552
-792
340
616
-421
414
675
-216
-559
-800
-941
631
-916
-328
-550
538
417
-101
96
817
-413
122
-321
-577
813
-433
475
-824
637
855
-811
-52
-694
-37
998
571
137
-924
-165
933
310
781
543
13
766
739
82
769
-365
403
790
430
760
491
-190
482
-46
-244
-455
236
-667
-207
843
190
-699
713
-161
-72
-584
564
636
-337
-412
-621
-286
137
480
-357
-958
-336
-402
66
271
958
511
936
-670
440
-773
-788
898
-29
310
645
-208
-215
539
-158
894
-953
-307
-917
-558
346
-912
-239
-309
-566
121
934
48
128
970
89
-158
136
944
906
32
-837
-814
903
909
-437
5
726
-505
523
-186
311
-37
139
960
850
183
224
-338
501
-766
-23
-540
316
331
235
224
-448
-925
822
-616
-498
568
-962
-418
-423
304
277
130
990
-264
732
612
-515
599
382
672
374
-98
-231
-61
756
-96
927
266
-804
-66
-895
-180
-379
348
-1
812
-14
581
768
-418
372
-803
22
106
90
829
-78
52
-757
677
902
-11
-330
725
-359
-519
-788
246
-234
-171
111
587
731
-32
557
191
827
308
540
513
-506
-906
-48
258
-245
894
300
839
-987
-399
945
-663
-563
403
-168
922
782
735
-680
641
181
697
-281
254
-18
-504
495
-340
364
-265
-147
-827
-701
-468
706
697
-308
285
808
-979
-693
-961
-593
393
-183
-811
-854
380
644
-776
835
-381
501
605
-365
218
363
-56
-527
582
51
367
-940
698
-674
-737
-338
558
-403
-899
-282
81
-461
-802
402
190
-841
-39
-387
844
95
117
-248
-462
-701
999
-248
534
-241
465
638
223
-68
-702
107
171
324
38
-254
339
-267
620
-903
-384
-181
-414
217
-854
972
674
944
-959
826
-643
204
636
607
-227
-397
-829
608
-207
205
-723
-137
138
913
-379
-309
-559
22
667
-41
761
642
-824
-344
171
-725
941
883
-37
-762
440
-720
-277
843
-83
-389
524
-941
461
997
532
-63
-401
-45
-742
-861
100
-333
960
167
-97
736
-375
-526
105
-563
580
-823
202
801
-235
475
-258
544
531
296
-665
-184
-268
-915
268
115
940
911
383
243
-922
900
-934
628
291
175
-728
502
-483
897
-510
427
230
-654
-543
346
808
819
-19
646
866
196
457
544
712
-776
-335
182
-711
-716
682
-347
617
-904
959
-111
-234
899
-557
-379
711
997
-274
548
-877
860
-17
278
684
479
-481
-762
863
156
235
639
-64
509
334
787
-145
909
83
807
-688
186
-97
-883
-833
184
408
751
388
139
-482
584
-415
553
709
619
-442
618
-509
976
209
377
-472
201
652
116
281
-121
229
-797
-169
38
-728
128
260
186
804
-228
525
-356
-46
-658
31
939
-427
23
397
203
-423
892
-122
954
769
526
-18
-109
-824
-698
-678
494
34
-860
4
880
990
-172
267
845
862
599
233
-305
638
844
-284
906
115
304
311
508
-540
-256
972
585
-224
416
-887
-440
777
-807
79
758
337
569
-774
58
208
-377
-233
268
-840
-942
821
862
424
-415
-293
-956
374
-213
-906
-622
705
129
-715
541
751
270
-155
210
929
672
328
-766
-323
602
789
588
-286
-248
-725
-485
487
701
625
429
-559
-469
312
528
-868
11
606
481
-634
-745
832
458
612
716
769
-599
604
-416
-865
-84
-767
-858
-195
352
-781
-721
991
217
-550
-31
-39
851
549
-997
390
688
253
-504
102
-646
785
461
597
-966
265
703
507
-574
-401
674
590
665
348
677
-247
-469
222
-685
-935
837
124
-432
343
-64
495
625
-605
915
-362
97
741
227
-167
500
677
297
-877
305
-969
441
852
-813
-365
325
705
-285
-989
-442
810
808
-715
637
890
-88
15
191
-479
135
252
867
-825
-630
-378
-263
-837
220
-502
574
-1000
-43
-120
83
793
54
106
-602
986
459
278
-586
-449
980
298
-705
-548
-79
942
450
201
544
150
-147
911
438
-109
297
669
400
-189
248
-308
82
-873
451
122
316
-751
986
513
-896
-809
962
-788
-855
557
853
-529
-595
611
-684
48
629
-660
238
640
-325
962
133
993
390
-260
735
597
-984
52
-98
-216
112
593
107
-293
-13
-55
631
348
54
-692
-519
-634
-232
716
509
409
583
889
-67
154
-808
-823
174
-479
-330
297
435
898
580
-82
-932
-456
577
-135
175
614
-747
-493
569
4
-909
511
-341
-914
-817
748
525
-202
-401
-333
350
-62
102
1
-950
-4
-613
-221
-523
242
252
688
595
103
-675
354
7
-418
-774
220
527
782
-635
538
5
-910
417
511
-695
-859
804
266
213
650
959
-649
615
-321
196
547
812
429
967
-444
-533
604
665
696
420
667
840
711
441
966
-210
-375
274
-868
13
12
-470
-164
-209
483
-273
26
764
-236
-865
751
-12
-589
-786
-251
817
-470
725
-440
-469
-414
727
860
22
-76
-339
200
779
298
-766
-125
333
769
145
124
13
754
340
286
-822
-80
-858
-71
14
-677
-292
-664
-607
629
800
960
-605
-135
57
-107
348
-885
68
-997
-801
-666
993
421
732
-901
638
250
712
252
238
-380
-519
-366
359
-742
973
-77
-179
-14
633
660
416
506
-740
-744
-783
-378
-26
-182
630
-311
-571
-957
-441
688
-468
466
-705
-300
88
-355
-996
-424
52
-345
135
-766
495
629
-300
-111
130
943
-831
