64402
97722
-55872
52605
84436
-27063
-25068
82674
-94819
3700
-74988
52977
-52026
-84928
627
16892
72126
-6279
-76181
-60771
91471
-44672
45181
-18374
68998
-71883
-48704
83355
-11985
61316
56252
58693
9797
79065
18589
57559
24646
30252
-54951
-95229
-20374
85526
40806
-53634
-20672
-68532
76965
-51128
-94982
-48460
97624
40511
-4747
99231
94386
-43257
75040
-14708
89102
8716
-36755
59171
62241
-85764
-18484
-93855
1879
23638
45224
36587
58218
-4944
63109
-95426
-73604
3962
-57786
-53017
17527
43526
24630
24287
-13889
-62284
77217
88683
-94343
-82444
-24481
-27301
31287
-43579
54217
93506
-82595
-21948
85573
79299
39690
-6422
44333
27871
90768
-35099
-40564
50661
11829
60440
-59265
40590
1097
-98710
8544
22976
-33563
68680
12257
-80748
62536
-41507
79215
-50089
-31172
61806
-9125
12984
75582
-25544
28917
-67579
-38832
69115
15475
-28159
-59706
-75518
-89152
48365
99516
-35513
-55032
-46584
34864
-69983
10401
19929
77722
18068
79909
86869
-7967
-59378
93836
77657
-22859
55162
57901
-13675
82814
77798
62509
-29814
-50272
68831
-10394
50669
-51809
64652
-74286
-87482
85897
99404
-5567
-37525
-54653
-40389
-92188
24570
29999
-21084
-98405
57056
22838
-38225
-66479
57049
52881
66714
-18508
-72587
30400
-5035
-19737
-61226
92152
3742
13629
87021
-28807
25678
11327
-97453
91510
-77956
27673
54597
-79192
-59018
54725
48176
-7562
-11260
40307
85296
76660
22599
-79513
27101
-97324
97965
94450
6710
4524
-22214
-3101
66852
-96978
-1337
-70264
-72428
-18350
-77597
29639
-8008
32576
-18890
-9625
-41452
74589
54966
-514
94823
83741
27378
-63753
-45733
8824
-82607
-17094
79287
55309
52620
-6395
16748
-31061
-37871
-64158
90615
5106
78888
-15307
97277
-61458
41602
-69957
-30478
62487
58619
-52847
44472
7864
82155
-71537
-35038
-8147
18949
11114
23779
6942
-43350
58089
-67317
2872
4279
-82947
-56551
8521
2335
37847
-72529
-72819
-9268
92622
-93497
84668
85600
-29275
-35227
-22255
-77948
9925
-10382
57341
-84319
-86541
34732
-9051
-28660
3149
54767
61868
-32751
51160
75702
-71023
-64280
-14227
60030
29523
76147
31923
80607
-70137
-22082
-73555
64909
-61636
-32911
42604
-98994
-14867
-13718
34547
-86391
-48669
-84082
-82038
-96040
23804
-38569
-6584
22507
47337
39888
-938
-90933
48533
50197
55380
-41242
48040
-37105
-84795
-34370
2743
78803
69158
18762
-54771
66620
95726
-83151
77053
88731
97723
25506
-13637
-95777
-17671
74263
-1991
-78604
83049
80608
-65540
21050
-6251
-7561
-39680
-74051
-24749
38285
58607
45872
35993
94609
32776
1305
34571
-53709
-70976
71274
16391
-55665
-16893
23597
-4897
-34046
-43387
-75471
-98006
-47704
-73805
49813
10592
-31546
-67783
44159
-14772
-4538
29503
-23000
-8077
46034
-84198
74850
-3777
-33645
-78000
-63853
-71435
-85304
-50307
61510
6391
-87619
-31856
58264
-38971
-9918
25074
-42103
18879
10419
54662
11631
42638
-72907
69480
37645
-29676
-55623
79064
-95324
-34967
71094
19346
68883
24761
-6701
-5226
23546
-70011
-37550
600
59138
30858
12036
89425
-66072
13936
-93909
87145
62756
-23016
-84672
81699
-72131
35826
82456
-79566
96223
-92497
80447
-69822
70098
78256
-53313
-83293
39497
80088
20247
74616
-71602
85232
-67223
-93856
40207
18295
-82815
34470
-34001
41763
96635
-24508
-88309
-39685
1131
47148
-42352
18444
-58025
95612
-7477
-52582
59950
16624
-91413
-58412
-62619
62899
33781
-80145
2341
27409
11374
51486
55994
70152
-7199
75500
-45932
11345
35890
23223
-57617
69848
41564
-35270
-63224
29632
83644
-1460
-20591
85112
4331
60117
-48229
-76528
28235
31193
-71794
67550
-72740
-66561
79068
-73616
-35585
-7276
-61060
-15433
-14511
-9426
-25476
-77035
-43917
1371
-47163
-67530
-35406
-82287
-3074
-87595
87086
72641
-3044
-27542
84712
-30918
-13738
-28279
80927
-63237
-47457
7924
-66460
63347
24626
82232
93899
14218
864
-81254
-24962
-70786
73726
-48434
-5662
-13028
85682
-14506
-84453
-48323
-20228
84690
-38449
-50156
38311
-76420
-5088
-19212
-26538
10363
14097
-92679
22608
-51199
-92943
31803
-52825
86994
80745
10966
-21866
-28029
-24639
5665
-49565
-26725
42084
10311
10551
-70903
-84648
43170
-80866
24861
-29119
-67040
472
53910
82394
-51504
-53440
55801
98889
40199
-99498
-57567
-79305
87052
-91900
-20283
91296
-87170
-72769
41123
-42653
9000
-73246
12057
94038
50264
-37653
62582
-14336
60649
85449
87697
8849
-79932
92286
5222
-25690
83689
-66683
-9760
76387
79090
27627
-67010
-31741
69824
66468
-58167
41822
26708
-34181
58203
-20351
24754
-70107
-70597
275
-3714
-24769
39750
-683
93611
-76030
34787
-29586
-87688
-69135
-16339
-81539
422
-86212
58855
70374
-82611
-2761
-45164
37020
95015
58885
54709
-77777
33960
-91406
51834
96254
94025
-77502
45681
90785
65870
36015
-53604
-35864
60193
-96591
74521
92407
-34491
-14082
56356
43333
-33249
-16767
56654
-72294
13006
28669
-66593
97355
-47653
30689
-61856
96262
-749
-43474
32773
-5275
33135
-92648
71555
-12949
41172
63439
-46522
-77373
-82358
92662
74574
97690
1160
-27237
44623
3083
-34340
41762
37619
43491
42539
57010
77285
61928
32141
-40258
39441
99016
-81255
-70378
83215
-19482
-84698
-49575
86833
93670
81306
52613
39313
-33796
-27838
-3567
-81741
-38499
54618
-71664
29050
40979
-14566
90409
-28523
-26316
36592
-84329
70689
72215
19346
-61297
63518
25021
-97048
-98922
95075
-4150
-30265
-34174
5540
-24293
49160
47997
-45706
-94435
-99888
-53118
-31084
-6709
78541
9522
-93074
-8146
39862
96733
-8953
-69074
97162
-50325
7028
70522
-99610
52061
-71900
-54707
-23523
8015
-41712
4146
-75652
-87750
-32
39576
-59306
-6957
-54881
65415
86927
-29260
56785
-20216
78256
-29298
42828
-86663
51484
20700
-70030
-50742
-27184
40734
51725
9395
-67447
-28256
-25237
-55438
-66854
-59174
-55297
98705
-38036
81141
-36407
-11381
-50726
-8125
-53420
-79197
-7707
20855
79391
-55421
-54897
497
79964
-41776
48332
-31192
35201
-87742
99583
-66944
28838
-40192
-89567
-85222
99987
52032
-49396
-71258
-68313
-35392
56503
86187
68418
33073
-66997
-7904
20201
33547
-36123
-76685
54746
-32666
17508
-32138
6476
18873
-63936
9357
53145
-72529
56258
-86527
-67671
53178
94487
-33361
82424
-19672
85703
-93441
92592
8885
35027
-45968
16313
-81891
-24238
20398
-40611
-54173
-26436
28156
-89169
-55234
-187
-2189
-57550
-29521
-10915
-50036
-59082
89652
-75672
94032
93547
-41160
59573
24968
-19265
1051
-8598
17453
73736
-24569
-4095
-11522
-40497
77737
33089
-12692
88463
53870
87973
-1034
82242
67104
-47900
-29254
-31568
-98382
-90655
-78361
-64396
3423
-1379
-65143
-14662
22722
-64492
-47635
33678
74066
63636
-27164
-77013
27123
51708
-81554
-62692
-50272
-88966
86101
77786
54126
-2844
-83053
-30201
60401
-39464
92581
-58125
23346
71036
-2092
-73550
90510
-50345
84727
71447
-90595
-83495
95887
-87705
88648
-91666
-79896
39920
45585
98269
-6541
-70550
-89923
-7017
-68121
52340
-77539
-12679
-18941
73459
87750
-57393
-37562
4484
-39699
740
44515
-60071
-81646
18467
58087
97449
-21207
27282
-73323
79707
-39098
-87876
68750
71445
-43288
-50350
-25775
82569
76794
20032
51930
1237
96112
23474
69132
-23130
99390
-32292
-35961
-11179
21655
62007
-27296
3064
-92568
-1291
34279
59176
-44772
-67441
-1474
13483
-41311
-36210
-82187
7294
95104
-50990
75150
-16741
-88264
82175
-24357
68429
72688
53548
4863
-24849
-19982
-34729
66210
-8904
7491
6674
-15569
42449
-7860
-11453
113
-69980
-22784
-27284
-95343
-28690
30022
96639
26826
-61224
-69383
57900
68740
41975
8248
-24258
37007
44967
-78914
99707
57027
-78941
25731
47594
-30906
56421
-46051
-89740
-26362
-517
-95396
-75232
-60075
-90993
25045
-16220
97456
4664
-53081
85609
-38415
-62069
-91811
-52625
1823
54271
-60911
-7235
36629
3760
-3590
-28905
-22015
20217
30720
71998
-13576
-48808
21413
-97026
74449
-61394
55452
-44507
-37307
31690
6902
76465
-53577
83353
63365
-92398
-39409
49371
76437
-83404
73313
38734
70716
-45493
51813
-29849
82105
25358
-98926
-45085
57429
77019
92507
58443
-19318
-85803
2721
83593
-29621
-65188
34227
72806
-10381
70667
4565
68041
-1598
-74820
69651
-84518
-82904
-42872
-71067
-43560
81410
48379
39048
10835
31692
58309
-75595
96399
-85159
37188
-45443
-13908
21813
94721
-98438
43662
35891
-74187
13734
35309
39663
64640
-92331
-77727
-46664
38980
50588
2706
72544
-46819
-51865
39507
-26606
86964
77833
32666
55942
-35870
-30430
-1974
86464
-94390
-22067
60413
-14391
69309
-3101
80652
88602
-11380
-6491
52354
-98839
-75710
-18621
-71676
-45328
-75937
40594
29619
-69580
57195
-1929
-77916
-7690
-59770
6839
68327
9672
-59670
6209
-29924
-54232
-18829
26614
11490
98819
72223
6484
9232
-7908
32728
94667
-16553
61801
-59689
-73951
-83526
8249
-68434
79142
16591
-48979
-2630
-47080
67126
52980
-30598
14045
73632
52824
-65578
-84384
72968
-83953
-587
-85550
-93219
-34627
-11868
-77239
79308
-43629
40997
10714
86053
2125
-3328
26441
9871
23240
-56046
-41847
21747
71547
41139
-80621
62881
-16484
-3478
52510
-86874
49013
-67771
-86307
-46175
-65068
74372
-89867
85064
99452
-2302
13844
-38556
6853
-27469
34806
-80770
4249
-69011
22137
24262
-88834
-34135
73669
-39475
34987
98138
66074
-2726
-47209
-62577
-92356
17127
21560
97406
90351
1798
97965
86868
92130
58062
46318
97860
71392
50672
96912
-15826
-65619
32178
14778
-58068
71282
-87366
-64789
-46676
-23012
93503
-8073
66913
85407
67403
19248
-58362
63990
39033
-21735
-87357
-47876
-39294
-77997
-67647
-14444
91826
41359
3092
56983
64987
-53913
84535
-63509
54743
-39220
11953
8092
46447
-36142
17908
90022
-46279
20587
45031
-87155
-80198
45198
-75857
-17986
-77476
97044
36993
-64204
-42360
31242
65728
-85627
5216
14975
-16801
-30633
29271
65660
44753
39694
-85035
18816
-51147
-50339
58690
-7553
34786
-77811
-30519
16698
50257
-55700
-54045
94231
39248
76485
8007
-8524
-67505
13134
32537
7627
47893
82694
-40173
24431
-35972
-92250
-6264
-1560
31202
-60368
-42130
52205
-25157
72937
-87329
-99647
61266
7403
962
64793
43269
-9248
-49372
-54443
8088
-29175
-34625
92852
61611
-92716
66069
69173
1557
-5917
56842
26163
45755
4127
-94195
84757
-77518
69135
-65288
-48204
-11338
67488
20626
60950
-91696
-94517
-67954
-86712
50081
-80576
64385
-42651
7089
17007
44707
-46344
76336
-73837
-70818
-31450
-32659
-56586
37401
-5102
-77260
85457
-9005
13159
8262
-96891
96179
-32068
17878
-91019
39364
43017
31239
-89939
1732
-63236
76900
22983
76446
35552
-67720
64830
63991
11454
39329
38842
-25016
-16526
-32880
47104
-89996
-76904
75479
-84640
-72101
-35312
45229
60111
21901
-33444
-82383
91595
-47034
43340
-3536
89775
-18719
36689
-68109
70559
-54100
8030
-94744
-19328
47920
70927
21928
-687
-92098
35712
-59337
-67957
-42521
-80400
76447
53028
20475
-96909
-92223
-54516
36833
15348
62448
10260
7058
1995
22385
-34558
-1930
29716
-34867
42248
-55832
-35466
-20191
-52812
53968
51965
11493
-81903
72341
-33610
-30312
-63819
15647
833
-53496
53629
85907
19259
-53005
-76989
-39344
-45849
54221
-56760
83489
19176
-93258
-65908
-71845
-83543
47392
83474
-43041
-7478
-97934
33980
42032
90455
-27196
-49202
68902
-94433
-51795
91476
51821
-18889
55976
55073
-63603
97202
-39176
91460
50136
-12047
-81566
46637
-40037
10073
75209
78933
97830
-49303
97741
22002
92775
56072
-95282
-29518
-20106
73046
49195
38332
-76437
33231
-13555
-54799
-83619
80702
1636
-21804
-23177
44676
-44428
89151
76328
-76948
88653
-48649
12952
-65179
95108
97262
-27664
84886
-19556
-38154
-36894
-42039
29470
-23344
422
61270
24661
-87898
-96613
-24580
-80686
9536
-39169
-60645
-24465
5613
75487
64679
-31440
43232
49892
-77890
-47658
94022
30147
-21219
-62590
-85159
-38318
-61263
-4091
-49791
83808
15118
49033
19539
-40596
-30609
58117
2639
42271
-46460
-32266
-7137
43218
-57442
-58016
-61272
4840
-86097
-34806
-86823
45904
48500
-58616
58231
-52936
75174
72333
-78032
-16891
74651
13071
-15263
-15693
53472
556
-71846
-1877
-54930
68873
70498
-30269
-6162
-10797
26923
-71514
-69349
-31163
90004
-5660
30708
-19548
98503
88917
57530
-19909
24967
72620
-28304
26276
-52858
68133
16317
-30829
902
-93779
18289
3808
46006
12178
74998
31333
9095
56498
59061
-22804
74551
-34542
79902
-96829
-93632
20869
-27391
71819
-85383
-51396
-94518
-73588
-32993
99992
66441
-33075
41372
84138
79239
98925
-11145
31800
-48595
87575
-71082
-86833
-57999
-53326
-60005
66075
-13775
18548
45839
74649
61770
88127
-19100
13886
-44380
-54675
-59574
-74871
-72459
-28773
15189
71480
17832
-91804
-46124
-8597
-57520
-14793
-76788
-2384
51659
-85438
59593
41885
4011
21627
88388
-24170
85841
28534
32192
-50264
-75538
-17105
83962
-89838
92646
43786
84635
69122
43965
60131
41894
-51704
-77369
82594
27012
82369
60084
27788
34987
62709
86805
48688
96565
-91229
58480
-73748
97919
-50088
77311
-17853
47297
-67018
97917
-25093
-44269
11454
-22288
-61281
73904
55277
99515
-65215
22085
68375
-57912
-79411
70390
-3041
-14376
-7011
-79538
11569
-64447
-76798
-46873
34752
34553
-26281
-44934
-21856
46450
-37642
67037
25133
65604
-78772
-426
4160
67121
54130
70000
61788
4759
31118
-78094
22621
72550
-61609
-16784
-50722
1872
-72280
86304
-98104
-85899
39323
-30479
26618
-16486
-7013
65275
23223
76965
67725
63605
-43629
17803
38037
74802
-62927
39804
-81948
-80495
-35480
-35848
-41827
11223
21183
-78853
-22998
-69203
-19595
-313
33144
-75087
25525
92924
-17023
-78475
59037
-35721
83008
71887
-55899
-76972
59184
75689
41328
13016
53270
15045
-42955
68650
739
-67799
-63947
-80431
-99831
-50096
79756
-10612
521
-4830
-48687
35777
-6535
-99097
-97094
-66079
-62245
-11519
53661
-70550
25188
24858
-11591
-36523
-42801
-99283
-51563
59974
-21780
94443
-84480
12259
-66329
57487
-96691
-28615
75580
97919
-61863
-39297
-58122
-87918
-30467
-17457
11603
-46813
-78042
55942
19326
57887
-33301
13042
6015
38221
82952
-46792
-73605
-99759
42198
35622
58344
25298
60700
-31524
74493
-75765
74900
-39968
-10546
-58962
47165
58228
31994
97218
-95070
-807
-6713
-74874
-15570
-26486
-36244
48063
-88312
-45988
-11001
-24534
85088
23202
10755
23295
-53611
-49386
-3992
27444
7034
43567
75045
760
2053
95340
49327
86949
-9360
30187
38154
-99043
-62982
-76074
19479
-63687
56569
-49430
-58465
86923
-25518
-36353
34924
-42579
19783
22739
-37991
95390
10287
34032
32254
52072
79861
30569
51385
42683
-88303
96104
144
24963
-41780
54274
-14565
-64798
32609
77105
78278
24871
41966
-35120
50978
34958
-21596
-54246
73791
14053
45699
-79313
-75756
42855
-79676
-60550
29631
-41071
41815
24146
-35558
8621
-45005
43808
15544
-88872
87327
84191
-92789
27950
62830
-46020
23844
-93670
31700
57907
-74848
-6352
86210
-67148
73196
-85103
71911
52922
-87056
53466
-82649
8942
74959
73207
28260
14747
-6636
-77617
-50630
97778
20498
-33863
-50178
7954
-72503
-28594
-71623
-52042
63438
96053
22912
-6036
-15937
-37658
17903
-81175
6143
-14844
62692
87316
67642
96580
30551
-15497
-73980
67052
-44052
-42988
20712
-40306
-17220
-16216
-50745
-72692
63072
-26867
44035
-84749
13060
-62581
-21323
22790
-99513
56288
17360
-69333
63102
-35375
-55549
-16391
63716
59385
73304
-61896
-91819
-59155
-96913
88703
26998
43332
75683
68356
31589
-2956
82664
81347
-94956
-86273
-74568
-87604
-21881
-30905
-43516
-72302
42583
60559
-49698
86627
-25236
98149
5856
60106
63429
-56617
61980
-16530
-72335
83012
-46490
56199
-42322
-75012
46595
-35036
38660
14616
-82500
24228
92675
-3276
35933
9111
33946
23108
68433
-92968
-22279
72644
5458
89809
18686
-8397
-82457
-33455
-5995
48648
88014
62729
-30063
-84606
-7321
62825
25368
98328
40177
-11033
25228
13486
81010
96347
90381
-86844
56128
-21282
31006
-95425
48956
-70861
-42669
23926
-40071
56008
65185
-80046
-41217
-44775
42671
-44512
-17196
43290
71424
-26789
73613
-8597
-60486
704
56401
85957
-85836
-82776
72367
-43688
54081
86687
83236
-80363
-60992
-59584
58675
-13677
-41494
-44046
-27676
-61545
-1512
83402
-63851
-55307
-95589
38076
55904
-91825
58856
-29357
74754
78647
-1589
-67322
89137
-68798
-21845
-30657
91212
91127
-36878
-23795
88549
-47439
-73482
-73182
-21726
75532
-99801
-7550
-41625
83348
-48315
77383
-17914
83885
-90047
96491
-43765
-96852
-32501
61212
34289
-63869
10995
31236
82423
-90597
28044
11477
76575
-86618
-1502
-41797
2028
-96784
7201
54091
90358
37243
-64984
78103
46972
-3315
-57044
42675
24042
-95444
-44347
-18617
23074
25341
-35992
-65310
15219
12326
6708
44426
75053
-58900
36575
52767
-84897
-15416
-80670
-36809
18607
-41651
94768
-19395
50114
-76085
-34200
77727
-48058
-94748
-14950
37195
87086
-77374
11944
-76332
-14691
12008
-59984
23849
-13456
-19853
60784
-81653
27810
71301
58341
73014
73417
57672
-94030
-95941
-72640
53216
-21780
21801
-39928
99929
3849
-21858
-51131
70453
-37110
-98172
-81057
70564
-82656
26650
-62080
70500
-6587
79006
-40313
-39583
-16887
-71981
-45914
6403
-12930
-73875
91746
-91337
-44753
-37080
-78138
-15472
51434
-39079
-60411
-20933
-44625
99684
66931
-41837
96620
-64460
66155
-73683
-22821
-42165
-27659
-7383
32565
85774
-34349
59039
39178
-71741
-4728
20011
-52271
47565
-31493
49391
38847
36623
-98238
50252
97747
-60552
-54833
-46044
58384
83431
33800
10438
-12732
-82391
-96496
-84913
-45114
84506
69460
25013
-12878
59152
-53525
75925
-64678
86652
91285
-35759
-80876
11287
-91070
4233
26416
67699
75120
-30491
51622
84762
36708
-88340
-66092
-35859
-33873
25481
-13019
99462
66977
26754
17454
-35686
-26938
-36550
-47687
-75774
85409
459
64793
-81602
-70395
-31355
36923
75736
29709
81157
-89745
-98891
37575
-79481
-86210
-73754
-80440
36438
65290
44697
68030
6092
5171
72824
-3634
98335
52166
90164
-53285
80805
-17786
24045
-70323
77074
86799
3790
42553
-94628
-93489
80887
-33150
61505
79230
-22459
27183
98737
34797
-12171
-13357
88785
78093
33670
-95914
-83262
40050
843
925
35333
-8286
72273
26759
48221
-92913
-56460
-82486
-30924
-24877
-24556
-68131
90306
-85094
38423
-95314
75183
22154
48254
-2251
-10500
78411
-84231
13603
28906
-42444
-66478
-92761
25802
-59639
40616
91446
49255
-63598
87958
8166
63169
-73359
-50069
23768
-21735
72505
-9208
88680
32867
-56296
56527
95753
72789
87328
60295
-16104
-92906
-86411
93607
76266
52192
53751
-77384
-92044
-78192
-29643
56753
-55027
92245
-73337
-99097
27443
20084
-59445
99444
-88943
-62852
-66619
-96953
-65427
-45814
49185
28557
46944
14670
43029
65847
13777
93432
98329
-96228
62437
-20714
17016
52215
-52793
27855
33198
59164
-28127
95190
-98055
-48128
57450
-99447
72195
-47861
93345
23763
4531
65558
16135
30350
88609
-48494
50782
-15096
-87050
85805
-26604
98736
-83452
23427
8930
78446
-67597
68199
94323
-2694
62992
-83907
82558
51359
-72154
-56537
93654
98548
-87861
82065
21950
19689
-55524
4232
-58505
-77192
-85919
-31917
6050
-8250
69752
9558
55138
84377
-76495
28830
-31821
88803
52983
41923
-52703
-86845
17988
33431
865
28733
-93319
-99478
20765
-27818
93363
-39577
-98620
-15026
42098
71687
56668
-62222
42276
87367
-32197
-18287
53090
-93064
374
-65346
-44522
58443
32845
-42302
26382
12587
24229
-56011
-4580
-59849
-94919
37117
81420
-90771
40173
9564
-76560
-56529
14126
8235
39008
-66710
-11420
-16725
3887
-7856
-51750
54561
26722
89852
72562
32375
4067
-11756
45195
-12228
73654
30092
24228
-59541
62354
-67367
6404
75345
-10452
-69993
19650
-2545
78107
79076
91918
24401
-92868
89833
-55869
-99278
-69924
46065
9621
-4905
-87615
53169
-18233
59149
-14787
-24264
-10453
98026
-94437
93340
57692
995
-3889
85961
-1926
92779
84727
88792
-74684
-25346
-8764
83226
75047
98585
-49992
30956
-87465
19962
68683
4090
59092
-31087
-83374
65164
-29978
4181
-97763
-20595
16434
38644
-47881
-77384
32054
-86832
75390
-97481
29119
-80941
-54457
-30819
-95638
-29341
73769
50015
-92105
1331
-98727
61141
-36004
-82213
30821
-27035
-79030
-51088
-65847
-58591
33397
-94204
51049
8651
-96085
3843
77396
21637
84986
19612
-32087
98275
-95434
-31897
37895
-90136
96189
97181
75374
15817
71146
-31277
-13013
54688
78642
87991
-68741
-72813
48145
-66457
-80413
-22230
30841
-92768
47768
76164
12835
-21888
9535
-11286
55274
59170
70301
19164
-77487
-98999
-11700
-8410
16082
-93447
-1820
-59211
-98186
53614
-64002
-41382
92422
40829
87238
63593
56002
20443
-83768
-34739
-40078
30486
86556
-51371
-29600
-35606
58083
-90782
37986
-89112
-83023
99539
-45439
-96505
-45812
2519
58092
-27950
-87347
43046
86455
53004
51633
94478
70176
-60292
15382
-95361
-34490
-1313
44230
13118
73404
-28630
93973
-45626
8578
-81628
14012
-79897
-24112
-48415
-96188
50819
-40289
-73663
-98644
-27342
-51727
-34237
87675
40411
53811
98099
-46057
28110
-1842
-53922
82441
-5787
-81079
74266
-2789
-43393
64422
-47367
13225
-28830
-97399
-13123
41813
-34595
21149
62374
-6880
36345
33200
-24838
-20759
62211
90482
53212
-21825
25484
-50294
71956
-11664
-35204
27834
65730
1769
-46094
32737
2538
-97358
95889
-22543
68909
86613
-68013
-24020
82377
17924
-51143
30760
92387
73088
-63216
33085
-16546
-7194
31555
-13457
-29403
27573
4456
19805
4227
45933
-71796
51138
60891
61885
-88009
6882
30013
33477
39686
94323
22203
-52034
-44283
92251
-35426
17142
-63985
19248
-96652
62682
-41917
64043
87572
13365
72871
-82223
-17933
19336
90166
9939
63893
-20972
-28427
26178
-56759
-42102
-43732
-14784
31076
24367
-23622
-72593
20785
-5460
59605
-44469
-6897
-50444
68236
91584
24881
33190
76718
-82019
89499
-38560
64107
38025
57901
85492
-33842
-61292
-70835
-8411
-1132
22892
49812
69076
27334
5979
-29332
29557
20774
-67357
-19157
-26942
-1520
95306
51717
-75280
93850
-84854
2260
-47023
-7693
-67363
-19434
-85415
51270
10561
-99555
6563
-57151
40080
79623
58080
26861
-31312
23740
-78736
-42352
-63300
48553
3668
75286
52469
14051
14001
26149
73663
90001
-5793
34661
-71767
42757
-3988
-69595
-10018
29012
75562
71333
12944
-36916
-17627
-29170
60876
-29912
21793
30240
1701
33095
-85493
-15560
72301
-32060
-65659
63143
44556
16680
62924
-74778
-23183
-44168
71789
69401
76805
-54151
31374
43605
16107
-82162
-42619
84209
45302
-37116
16144
-87379
10401
45888
23701
-14571
-10089
-97257
11480
39367
44370
-53038
-45136
-57035
94354
87830
-86405
-24282
-7112
-7020
-61665
-55325
24339
84890
75486
-67412
-89481
-79813
-84377
75533
-66380
-21915
-86046
74108
-45131
30559
95019
15861
-38626
-5886
-27998
26653
4228
-26300
57441
90359
-94783
61385
56165
-50375
-64274
58647
62809
-92629
-83978
85094
-9074
27744
-13543
19831
38217
-37684
-54765
54799
-83652
57970
-40093
73150
-3913
-7491
35823
-94333
9360
-22938
28463
-95839
-34123
-83787
-94269
33495
23324
-94800
63451
-21074
87112
-47734
-1686
-99342
-14100
54559
-21151
35446
-52416
-20106
-935
47825
17468
78302
-27872
47105
-24350
31088
25361
-76561
-61772
52420
-35975
-87838
-64597
-50561
53272
-94187
49387
-1007
-40008
6701
68746
-89319
47413
-31589
16903
79336
6020
66232
44936
32483
-48432
-45428
-26338
-65633
-66461
-16100
-86569
-24650
18303
-52580
99799
-37572
84400
-65828
83122
-26194
-68913
33719
-12985
-70184
-73043
-11249
56816
-9314
90790
-45232
20658
77754
-85341
29584
-71584
-90525
-58249
5114
37654
-73222
-29333
55944
42150
22176
-92005
26589
89474
24453
-23412
-99028
-95647
16641
-89530
28219
-42639
55427
-22543
64675
47451
-66108
-88140
46668
60177
-7262
-82985
49818
-33411
-89141
-39921
38132
44575
32514
73615
57095
-61149
16547
-71385
-32668
69119
72912
-8342
-41674
82546
-98478
-27389
23070
-70517
24250
38919
49302
-32204
32438
-88560
-42191
96157
-18086
33366
83828
-60797
-53022
95340
-75560
55547
63762
-46798
13860
80898
-81609
7381
94057
-48812
-91032
54056
87070
-97252
-82282
41230
-17118
-24275
67935
70265
55210
58343
51893
69408
-72569
83929
88890
39799
29706
-34186
-58955
-40028
37888
2598
-37242
72115
25197
57479
66161
-1311
-73757
37047
51235
-95199
-99065
97811
-19678
59909
-35336
-82583
-30476
33584
86406
-69305
77197
-92004
-19615
-22636
62477
62183
-92657
-91239
-68163
-24610
35719
31930
74420
-76810
13820
61164
30069
89180
43143
13686
-48328
-80746
1004
33750
-97146
-48277
-78597
-36721
56149
27457
-83840
51482
94905
-16063
-39495
51407
29765
-93972
-8628
-90577
-50401
81579
66701
-48047
68375
-67887
-25607
-8521
811
-14214
14163
-65190
-72297
-46443
75972
44774
-71037
-70925
-62389
-86375
-40526
-17698
3874
57636
39327
25948
-42332
-17897
88461
73757
-18829
-62236
34452
86094
35003
-81138
-94046
-63151
-70329
-62146
-70364
87474
-64668
89925
41970
-71954
17770
-5915
10066
-69079
28791
-61255
81138
-70088
-6582
-33001
46047
87071
-49561
-57597
24257
-93133
1079
7711
46583
-66325
76128
34695
-50991
-11031
-85181
-61030
-24668
57187
-6043
-99305
65989
-75988
-98195
3453
-25163
88167
-53232
-76199
47682
-20257
-14279
35515
95923
-68523
32121
-53724
46825
-37532
-10024
53300
39610
-51904
82961
-5721
-8150
41985
-29265
-26284
48649
40865
-90096
10072
94408
17182
-47272
62953
-32582
-40448
83089
-79961
33548
40235
89683
35122
58318
-70869
-53462
81287
77535
-870
83328
-91881
-59185
-97265
-86869
94632
86454
-72174
12999
94413
10664
-7717
-78681
50372
-14778
-34250
87292
-58822
29672
57418
79608
-54996
87696
54266
99758
59082
-81716
51731
-64924
70974
56683
-30904
-52899
-58730
-42876
84176
-56235
-42898
61605
-57979
27025
76088
73245
-9155
7435
84407
-39374
53398
-21899
94365
35800
-5475
82513
96997
29219
34118
-97174
5723
22834
-37353
28701
-40235
-35111
-88598
-33943
-7698
-13110
-44638
13872
74174
-97336
95329
-69977
-55880
65173
23307
1205
65199
-47784
80560
-7518
-24324
61914
-55808
-77201
7912
81763
-17428
-53159
62234
-87674
93234
371
72304
-17241
24840
65667
-77075
-33327
99978
-84218
-31218
29915
31946
-29412
-69622
4625
-12804
39501
-48958
89846
62656
-59654
-52185
-99070
-1605
-52867
93738
54457
18287
-58455
88432
95163
21675
9229
-8861
64311
36156
6091
32044
46836
89429
-33754
-38132
57275
90357
-75493
66654
46523
-13451
-26754
4751
-45151
-40954
38490
63275
-17825
-39252
-51111
79026
15480
91838
-68329
-99510
-96726
-37731
-14374
-77873
-98594
10008
97397
54811
61982
-99174
20121
60933
95334
62720
71928
-12834
-48384
-62224
92156
14374
-87471
92436
-90432
13857
84097
14733
-67261
-28057
28429
60168
1243
85393
26397
7602
-48684
9812
-93039
-42162
-21158
-44735
47459
79605
30007
-32496
-2193
-51554
-53909
-12280
17073
-22162
1977
84182
-39203
46247
96363
75153
-9663
79621
98246
-19971
69475
-31039
-72963
66702
71623
44543
-165
-19584
5467
29068
93649
7611
45105
-12014
-45710
-25521
45210
78289
41791
-10933
57356
-43654
-12599
83255
9214
93546
-18392
-78366
-82385
24136
-47320
3668
82628
54802
-68394
-27512
-21686
-19256
-31544
12062
-2036
48662
-76409
-4535
56781
11134
-34530
56533
-35123
78583
64892
49934
17808
2374
-90881
24750
-6775
-92978
17065
55611
54712
16109
95847
15443
-95395
-90693
24420
29423
4576
44140
-63598
49432
-50146
47184
-73095
6046
34963
-2097
-76846
66411
63331
-79354
15526
1573
-8966
-90843
-17348
39311
-53455
-9129
82625
-35631
1318
82500
-68554
33044
-82631
-14169
-54198
-61892
-30363
539
19506
-52249
-65324
43372
-43559
11003
-78564
68042
-11729
-3293
-39693
73321
33
99730
-74046
-83397
15815
-10328
80326
-51834
-19385
32327
-86845
76422
22088
-74046
-86543
-16824
-93144
74326
38526
95790
-8102
26215
-1582
13704
31767
-47159
7767
51313
-30673
-41496
-79510
-53141
-55724
-85282
58664
21012
-46479
-47642
-63077
89591
41590
-69821
42479
-34115
-6507
-53288
64376
-33643
96269
14908
-46377
-51349
-92976
98293
70471
-12448
40013
-69234
10358
-51746
-9628
-73238
98033
49504
76010
35679
-97990
85645
81978
-71950
23227
59455
85449
-73652
51033
52796
-58662
-16202
-16270
24578
7770
46518
24021
20357
29409
18673
-38664
90877
12368
38321
-64598
20914
60245
-87410
-71109
-51946
-3254
-66922
-43093
-73762
98267
87451
292
-51282
-84690
-22354
80552
-3665
-18532
-63569
76589
-14344
88382
40096
90744
3237
-51415
39639
95980
83989
-66952
-68372
1002
64432
57758
34209
59309
-10876
8403
-25685
-9236
-40056
-50747
87127
-71209
38456
96362
59038
62784
-1426
95472
44328
99994
-86209
58928
85365
30703
3459
96544
88084
-64956
-86229
-63811
-37816
-34351
89228
58820
-19777
32722
-65339
65167
-27821
38719
25839
-30324
-90905
-80393
49202
84931
-47666
-83817
12492
-83229
-67345
32671
-61271
-61161
-81159
-24190
-63445
-24686
-50860
52823
21653
-82241
-92346
29484
52797
27006
44228
48235
-35006
7125
-92681
-18952
-49142
-62509
-98187
-38106
-38283
48596
9067
-56943
74379
13401
83730
-69219
-63277
20369
10759
-7720
-90397
76791
77773
-27863
40616
-43889
-88162
-40505
-81780
-3728
70069
-120
84343
-32090
6092
45851
-92659
-75598
-45426
-28668
1559
-38687
83395
71063
-69309
-49012
-77341
8551
42385
32153
-28895
12719
28875
-51517
-4044
-19931
61052
24946
49534
-52388
16289
40276
-24834
15329
55156
-75541
-5470
-20835
93140
23409
-35323
10516
-15151
-78957
-34381
81026
-441
73055
-76373
39520
93826
-28018
-72770
-18819
18057
72545
-20722
-18069
929
-85878
-6591
-73903
62057
87421
-48128
-28195
32331
61691
-68320
56557
-13718
-28389
13061
-84362
-99277
36325
-99288
-5622
-80759
91103
-18108
-86063
48931
43832
76490
-14974
-73795
49819
-22456
44310
98800
27045
-70239
17018
21287
-60775
-70547
-64886
-85238
13745
-24385
91130
-79892
62715
-3796
-26924
-3104
90570
-48836
-35415
40868
-53344
17835
-26208
77230
80640
34720
27690
85115
42342
-565
-98685
2165
15385
49921
-14090
19329
-1218
-59778
34103
-71796
74507
-23510
-39076
80768
-86406
19919
-64653
51301
16342
94451
-34233
-20740
26327
-31678
79641
-14157
-14489
71174
-61795
66418
96383
-20466
-43737
20648
-23870
47518
91290
-91688
-13548
-25017
-69650
15805
-69414
8011
3408
-82087
30909
95906
-12899
50102
-77554
62843
47133
55750
72240
63925
-75381
-67906
-42755
-2727
-75259
-42006
95237
1957
72226
14202
99461
-26108
13701
-86666
78492
-28530
-81613
-4077
-35524
23613
90886
56416
74815
88816
26205
-76122
-17170
-22936
-70944
98758
18863
43729
36209
25650
-74918
38464
17509
-44501
42429
-41876
-23017
-19177
84114
-19569
39469
69462
-22866
-57598
71633
6532
18765
-62027
25041
-99044
56655
-58977
-23818
-43482
-82250
-32230
60176
86031
30015
4809
-73405
29684
42740
-12196
-71940
57578
-12163
64782
-78699
9991
39394
20128
46644
-95466
45952
-98392
15733
66142
56955
837
96068
23289
-90696
55133
94805
-6217
65291
57014
-62210
82501
-72427
9199
57005
-74749
90175
-41581
-6763
-25399
76068
-35481
9925
-84809
86441
85118
-91165
-42493
-53718
36726
53625
24936
-31769
-72953
-20531
16639
23959
-79638
85547
-11345
57576
46547
179
-36899
-41763
-19244
-91220
98555
76755
-11622
94728
-16018
-33785
-13829
96964
99690
1858
-20771
90155
-22222
-59031
-3794
-41717
-34596
64227
-65144
75715
39122
88293
10909
80613
-69206
6319
-64612
-77742
-60380
12859
90337
83565
83341
-50262
-57806
15390
-36392
8369
-63020
-92470
-33959
56981
-27324
-11722
-83507
-46884
9768
-81435
-89236
-91854
-13390
-20263
45779
81248
-58721
-78277
9113
-40316
-99116
88825
56093
38802
-30935
-4038
-85704
98545
14874
-44600
-9946
-14821
-70409
-60686
-84358
-50361
36184
-8546
19843
-94734
17539
-23363
30674
-26419
77119
16620
-95921
66482
-69636
-8897
-87182
96378
77490
-2443
97922
78861
-78079
-93871
-92751
51775
64235
-76716
85005
-15479
56456
-94485
-76133
-15141
-82511
-61609
43807
-67603
79592
58208
-43595
4657
-10453
-11092
-95244
-81312
-83261
42789
44530
-87859
8612
-99460
23267
51775
-27697
-33353
-64053
-75400
8086
-71803
-79452
30346
-40197
89150
-16295
98848
43157
79083
20239
55426
48870
15093
-17330
-22084
-82987
50295
-502
11310
8815
-15642
-6258
-19421
93033
28041
16120
-7034
40944
-97488
-69807
10457
76879
-9667
60139
80463
-44562
-21924
46083
-40803
72842
81299
99960
23645
-181
-22378
-63521
86400
-33510
-67629
68782
35665
-3411
-23879
78712
9982
-13514
-74817
-66077
37709
57507
80371
66373
-62878
-21294
92779
-68608
-9756
-16286
3150
-46433
41466
352
-80720
11331
32012
-88277
-84165
-94851
33380
8386
-75887
-52633
-67749
-4686
36675
97824
56933
-90855
-31141
75470
8745
-31129
-90503
-80340
-14398
20044
92483
76739
97214
25836
-27093
-33747
-43033
-38755
-92595
-31567
87170
21929
-8835
-25648
-32745
54289
-74989
68147
-94709
-13525
7154
-42144
67027
-68172
15475
-1454
30824
90946
-67312
92447
-89420
67742
91538
-90426
-47213
57054
-62808
-43386
-8788
62061
-89634
8227
-4536
-52810
-35862
11408
26966
62791
-52666
-91551
8394
-22787
18628
-52211
-91005
78590
-91989
11615
64883
-44441
-66053
-44262
-81474
-59742
-15306
-88808
-64097
-25367
-10095
-88243
60100
-81943
61232
-310
-46719
-85995
-77100
-22858
88678
5879
30007
74461
-2255
-11700
15333
-22946
84412
62652
28236
85043
25846
92187
-26940
72288
49748
9763
89469
-9237
53089
-65858
-16294
72472
18835
-58135
-42978
34691
71630
-2832
-94058
91891
84508
-34397
-51094
-75882
7897
89815
78562
17287
-87851
20146
-88491
-68804
74127
68127
8938
79747
1369
25692
9037
-58784
93950
-56485
45287
14023
-11047
16394
53306
-9624
-86237
38282
-89915
50454
85953
-82415
-91168
40949
63460
8367
96887
-19539
-28955
-84210
-525
35499
85076
-69074
57885
-24308
72379
9379
-77626
-72466
-72881
15746
-45870
80405
-54943
-35616
-97813
26133
-50527
-59844
-66823
95886
-51681
90203
85797
-20080
-954
3811
-55792
-81095
68887
53611
69414
13969
-94858
90774
-51311
25115
-19374
-85352
-27785
31355
-65853
-87593
23180
-53253
97391
-90214
-88796
-45238
58878
74474
82798
51265
18793
13437
-56423
-19411
-59144
-17271
63588
-57201
10645
-26835
-96935
-97382
-71009
-89392
-92796
52775
36173
53936
-46248
52441
-30706
-61551
-44963
-20767
-7479
-18598
-48821
52812
107
-99936
9083
76620
-97640
56994
10965
-14226
94391
-47551
-18210
94455
-27364
-41547
-48792
-61130
9963
-18355
16399
3011
-54798
61911
97114
8869
-34028
-64705
-6120
-80026
-50848
94258
63622
59922
49192
-66379
21595
-87094
47575
-49096
32484
90986
-39434
-14506
87613
17079
66395
-38829
83592
89942
-55352
-1071
-18486
91473
-56788
39887
44823
88399
44042
91893
87307
29882
99440
52992
8934
63675
-13659
-21140
-39728
87539
-73661
-121
-20608
40508
-99124
53030
39005
25056
-81449
-93552
56510
83007
9391
-51557
-42727
-43665
-70968
75423
-125
83634
31739
-44551
46904
-51537
-4170
-35094
-92573
-39646
88825
24750
724
75284
-61676
-47571
-75655
-65541
-66655
-8910
8514
8512
-91481
-94185
-63465
27948
75681
76316
49141
63389
3831
87233
-19391
-12595
-47131
50562
-27924
2065
72938
-79629
-33263
-40517
93286
-10891
89974
66162
-27219
-14966
-45723
77346
-49056
-72187
5278
92273
47669
15907
-31857
-65185
-61314
-99806
-48546
-57060
95087
31863
-17036
-19434
84494
-23368
66630
-74695
39314
-68355
25249
-666
-84122
94069
-58479
-90289
92082
-68167
-64500
-94433
-4070
61719
48087
93120
14721
-67251
-35275
-70136
38073
-98034
26859
-694
-50016
-66804
-46074
-89960
-58005
-2357
-25667
70504
-30810
85360
14559
-40585
32301
79221
-39222
-94394
-96009
-6650
-76015
33130
66065
80843
90477
-95173
-37626
25742
-20568
38159
92590
-11029
-41543
-35077
1943
-50229
-35746
-71836
-20202
1314
-18739
94558
-95124
60345
-2611
-17959
-16029
61507
39507
-7235
95803
-54446
25762
23259
58764
76885
43903
78377
-52754
70692
98383
37862
-83415
-34341
60270
63442
-78950
4195
-34092
-98186
-59191
8951
-65612
-79083
-28526
174
-42621
95504
67299
96579
-8397
51009
17386
-77238
56735
66415
88812
-24618
-87319
94883
97262
-39421
12717
90177
-46235
-11201
-71037
-7334
4228
-40213
7929
13228
19648
-49937
37166
55214
-41095
65069
19527
-59810
-65677
82683
13199
62869
26909
-47055
97607
35
83902
-64950
30955
34484
-45451
52808
-65623
-52928
-49170
68479
52964
99651
67233
-60200
94857
58083
74159
64382
-31505
92642
98898
32542
-10810
15620
3749
18996
5045
-63991
-53424
43006
46556
7576
50084
-27592
-85615
93101
13388
-80291
49224
-65450
-90690
-28951
82346
-27934
44323
43181
-43467
10883
-58072
-15923
-29239
77243
6481
92002
3490
-95929
-35679
12170
-89957
-55883
11637
-62771
-85208
18790
63558
-14462
-10562
46818
-61900
61430
-15183
-56478
-92038
16220
-60385
73607
-3398
19690
-57181
-91252
30951
-69188
-93213
-23144
-84708
-60580
-48638
-85857
18178
33830
-32849
-20598
-69052
-49266
-36938
-88849
74
26757
59767
70809
-41530
5347
11300
51134
-27032
1104
5527
69784
-23580
-55868
-78327
-16225
-93529
-96756
-6413
-30197
71795
57500
-61199
82307
-60404
20032
68031
-3784
31236
-96050
-5860
-75134
-79695
-48807
57385
-8244
54514
-93377
76283
51079
88662
41601
55231
11839
91982
-94488
-74771
-46394
70089
-44235
26026
-56594
54097
75853
-46121
-98986
-700
-21664
47748
-45572
-89740
-89139
67743
49558
-60159
-85
-43546
56541
72836
12054
69097
19263
-34507
-88988
48886
-54885
-1142
-67919
-70968
-23792
94566
-23419
76899
-79790
95450
44719
67816
-48443
3814
-90798
-32938
-66877
-84325
-56081
14500
-12890
-75072
28062
21307
62660
99480
2286
-17542
91475
55420
20893
28363
50248
-58972
4950
34277
13522
81768
-42060
41737
21039
-67449
6693
-13550
66143
-67078
-67374
-65225
-92200
-48728
-55933
-66979
-22277
30760
90704
45163
86423
-40244
92526
27223
54342
74746
65942
40188
-63097
-32043
1215
-46128
-95863
-86579
-921
36685
68252
-17159
92570
-71668
578
-15793
-64759
-19551
-34637
-81137
43195
-52004
87044
-46443
85186
31973
-52784
-47137
47450
-304
-50048
-58990
-2946
81103
-86006
-74286
-60868
-94212
-54056
90269
-11535
-63748
50432
85506
-21501
-29483
-55598
62838
-76208
79539
82433
73178
23192
3732
34475
-34852
-35595
93372
84464
-36083
-13571
18942
2509
-21535
-5116
82572
-79229
-21662
85262
-3495
74009
-37209
44925
92091
74171
48475
12669
81905
36093
91381
-57337
-11170
69892
25753
-66326
-6290
956
-96507
40105
-90504
-22565
-30292
41577
16313
-38239
-19122
37714
46449
-6547
-63914
-9793
-3921
-3664
26677
-74793
65612
86843
-50640
-72610
-4743
-38027
61580
-66342
46026
-6850
-99381
28602
-93036
-26256
-66741
-20855
-99150
-95137
50763
22269
51134
-67559
8952
61064
432
-412
-25426
41385
61644
9169
-20387
80531
53225
83450
-55932
-5089
70631
-1576
48962
22454
-39926
77471
-50798
-93137
-52967
-4848
33379
78098
26894
-72120
48827
45111
-74383
-58620
89521
-58551
2014
95243
5830
-38730
15239
64382
-43213
27251
50760
48703
-62076
-94660
31720
-25454
-44088
-73259
36788
-75987
63637
27661
24215
83790
37747
50242
-16744
80620
57298
15400
82648
279
-36218
-75281
-84780
-4598
75938
-13297
87083
23220
79489
36368
-92268
34499
61904
24109
-58584
-24946
-13226
39097
3018
20387
-85572
-14922
6743
-59530
-27044
-81737
2994
38770
-16819
-99221
63986
24081
-1147
45106
86709
26319
45289
92073
-21986
-51285
-10130
-5424
-57260
-35021
63663
-72814
-27156
-58522
39979
58805
-90938
56929
-5050
-67258
9447
-98518
-95461
73458
95170
26620
62605
-30109
-31687
-46446
-8871
60551
40493
-57270
84157
37210
-40525
43046
5996
-83632
95101
20912
46321
67893
-81362
-66975
-891
-7341
-60370
74441
-96380
-20385
7991
56708
-98679
-52110
21897
5957
97068
-64760
1841
-96701
47130
-10812
-44764
-64689
-6915
76335
-92980
-56852
-97463
56822
-28410
-19581
-76449
32004
-63430
13860
-59176
99578
-74350
39759
-61409
-62928
35465
73139
-84084
-51563
-32652
94455
-47234
-21205
67886
-13555
25031
-64450
14726
-52919
13815
-69288
-26406
-20628
-80301
-27941
-51669
-2302
-41760
82209
-80354
-83580
-82041
-52334
-90419
-3406
-26494
9829
97054
-33571
-58296
83633
-79690
-49838
-79348
-68614
90523
82510
-50433
21406
-37364
-73897
16333
-87775
3543
19375
20318
41005
92412
59543
97703
-33788
-89721
-3607
-63762
-85058
11177
-35224
90137
-93182
918
-35523
-35301
-39352
-9610
16975
-4454
15879
50163
-12874
-2711
50354
71070
22304
-4837
-76712
40374
-305
-42448
78774
-90458
71790
48477
-62990
-28900
74658
37722
-53090
-94238
99366
74865
-39002
84449
54083
-50437
-82320
-99670
93891
29275
94069
95498
45241
93334
26865
96382
55363
85332
50864
57721
-62813
36629
71355
-3758
-52497
98085
55634
-2614
32611
-94833
-25619
-89875
92010
-80015
-87285
64857
65066
52582
-43162
-81100
58680
99987
-49370
-80222
79868
-90050
80673
47481
-86827
-93563
-72968
-39014
54769
-77511
8486
54422
82017
72959
-23498
67951
53842
-33461
-50367
80795
-18949
-41324
-17601
59364
-22676
-97549
-36556
28806
61421
11540
64750
47552
-77803
-7843
26440
42445
-2649
-36071
28100
39209
-31253
-5097
96760
-52072
19059
91250
-84782
8894
-84412
33938
-5881
-85437
6110
-53539
59634
82179
-24541
48705
-84095
68317
-56985
-86996
-62491
42658
75828
-91575
-20704
-66978
-37034
4092
-12320
-81419
70190
77328
-50598
-86330
3580
-5325
238
80488
18662
50401
-55288
59037
-81122
42770
9729
16873
27197
-43739
87570
-35183
78972
-16562
84704
-78685
-19927
-99209
61231
17512
-53519
-78418
-91564
69833
30579
-10555
-90198
-58943
-86355
-93363
-23879
66638
20016
88959
-2187
-83845
84658
-88984
-80906
15776
-60859
88051
84955
36659
41376
15351
-66640
-53969
57721
-3288
-9976
53334
85552
64554
-91512
-3554
-78909
79389
-97648
9565
-72627
-13842
-37018
-23401
74605
66124
45541
17500
-65656
88488
45094
-21225
-83123
5997
-98406
67486
-97870
-57197
57909
-13599
21691
-9566
-5751
-36182
58154
-48708
-64981
47911
-88367
-28659
-89893
90769
-59219
-47066
57342
49098
57151
-9975
-52478
-28679
31217
62506
24670
-45928
37114
-89026
-83049
-22308
67591
36918
-43943
-15942
-35369
58260
19394
66998
27598
91563
-22238
-79451
-64910
-85353
-70539
57781
-42983
-97554
-37029
-18598
-64079
-53827
75044
-97092
-10159
-14908
-6511
87419
-87355
65043
17920
-41483
35369
7539
14789
16661
-64337
-51476
-64142
72098
54746
36121
32135
-62732
31064
-61404
-73118
-93431
-30423
20447
-94895
-88713
-26627
40252
96832
-24025
-52181
12231
-32703
94060
82870
45884
6465
-40519
33698
48624
46265
-3903
-90690
-9448
66491
-32350
90552
64812
79115
-26858
-12621
16456
-35408
-43140
-16899
-37867
-35778
73336
-20146
56155
35250
1240
23625
9779
50700
-10973
62875
72815
90562
-38498
-15941
-18297
-67243
-60084
-1804
16679
86025
89408
-52939
47554
50472
-70211
7752
68581
-1572
84797
-77934
-89086
97605
53742
89516
-94753
87109
-811
-39462
-68299
-74582
-85043
96812
38779
-14201
-51293
76292
35429
59794
1481
-22269
-60517
5596
54489
-84151
-77393
-79327
10360
-48045
41536
-71182
42048
62368
67705
-70155
44750
-6742
66737
99769
-91157
-40292
15958
-73849
-54782
-17275
-83177
-1881
-82892
71836
-59351
-23870
-97528
-11680
-59941
10297
5697
29609
-94684
60954
83933
53606
41109
-11571
-61533
-14913
47363
78211
41733
40976
25136
-21217
-5474
86328
667
76862
75694
-78871
-54060
47038
72809
51580
-50585
-15717
71262
-42003
-72844
-55941
19435
-60621
826
-98213
-76444
-69279
94040
-45255
-88362
-48640
51297
61524
29232
74116
31875
26172
49837
-60776
-13081
72442
88402
-9036
-5601
-56112
75679
-70948
33186
33456
32821
-18938
-39007
71950
-74676
12369
-88541
89397
-23134
75942
60527
31730
-93539
-4709
73214
80652
-57429
36447
36856
53007
47423
22347
11705
34549
-88013
-50815
83399
-80031
-43364
21885
78139
28494
-80447
26156
15972
-74844
-40587
46007
-31709
97112
31746
15780
-8240
-79274
10110
28129
22451
-60942
27965
-25570
-71380
-92708
72092
-31033
33532
33034
13971
45391
6238
54553
61324
-62414
43866
82083
49158
-11874
69277
-84239
59003
80265
-5111
72361
-96361
-2111
-90966
44254
-33735
-36856
-25369
-65767
7467
-93268
-46922
93002
77427
-21183
75522
-50195
37292
72691
55859
-82087
31120
-10908
26340
-42584
29786
59497
-29943
20280
-96663
-23338
67087
66636
9270
-40005
-10231
-80953
79452
40481
-97165
82432
-27625
-60659
-67718
-42355
32148
-63609
-32591
-30493
10450
95522
-27870
-26901
-60616
19095
52524
-59992
69842
49217
25917
-9072
84808
61445
-90037
41194
50489
87751
-66281
-97526
-53868
25852
55649
76142
-90846
-85621
-41895
-75288
33510
-36688
-72488
90158
76219
-12331
79355
-38374
-54422
-52372
32867
-83673
-27908
24079
13745
23720
57416
-21587
-47712
98342
-40194
-65812
-70465
60737
61056
-64122
-40094
-32202
-19648
-78532
40478
43616
90453
82592
92459
-47937
-78731
28375
32388
30950
52446
27063
-17216
81598
84762
-67796
98193
-27234
6644
7848
31156
59487
48077
89856
79612
-16925
23120
-12649
89368
-75779
26490
-45728
-49074
-35514
24609
-57196
17605
5265
-55940
83110
-62706
-1318
9690
-41151
-96181
-87803
79464
55751
-7982
-90367
49288
-29333
-87568
44055
33400
-47499
85928
-35108
-50385
-21904
36845
-58795
99358
53650
-4802
-66389
-28380
-52119
60539
-91022
-10027
68119
-48343
17370
48835
59276
-97791
15160
-55022
49213
71389
-18861
6621
-77118
51321
28740
-81078
-50733
-65354
-64061
-1795
-73278
-71876
-82366
-83599
74208
-31122
31833
23503
58953
-11038
-34180
47049
-91546
-26752
-53803
-27917
1962
-64470
-79214
67450
-22422
34501
-25168
9589
-88111
12198
19079
-44025
76933
23524
-30346
53708
52402
-91154
82180
-10739
-78897
23223
29317
50837
71629
75805
-40171
-40382
36150
60093
86698
33111
8092
-31293
59696
-47361
-68207
-8835
60964
27041
76195
72827
76932
66707
60975
-1119
-72144
45837
59256
-53366
51235
13721
65724
73834
61474
84921
13903
20000
6065
72473
83436
-29422
-34570
-75064
72346
36832
43275
-66022
23992
73744
6523
54102
55828
-17546
23265
22665
-69006
-91843
52178
-33360
81516
99003
7674
-26357
95745
-70375
-4497
-44704
44323
12295
-89593
-51807
96989
-94833
99019
17298
61131
96956
-6237
-9652
-51890
92640
-8999
-3241
-1424
33161
-52475
33299
71457
61163
51505
71205
31793
85402
83215
-28259
60894
99014
-45420
-17809
-85707
-90410
92191
-19723
-75687
-59029
-65719
99557
7655
75462
92113
93572
-95341
-20999
-84260
-91743
-93068
-2647
84003
94863
94399
46553
45568
-49711
-92664
72784
21935
37612
-97098
24982
-28737
39176
90183
80805
-38952
77491
-26341
-19906
-88607
-72989
22755
-91840
92425
-8916
-79150
-6182
98782
-63439
-19449
26666
18490
60713
-26443
-37791
25531
13090
-36794
-87320
-25104
-8154
-63762
83659
-71845
-61467
-57600
-13116
18158
-46798
-59148
18106
-6942
69042
86054
-48906
53721
33668
-33572
-17967
-35321
-71110
-75633
-13311
90240
-65247
57299
35294
27834
8526
36190
-54539
-61372
26234
-35319
-99246
-30071
-36871
-89370
79142
15717
-45044
-56389
76351
-84674
95629
-50957
-66158
-73678
16667
74462
-86213
-1795
-9107
-67830
85494
-87360
-28040
87251
-20227
-84834
24808
20436
61022
91416
99419
-35365
-92967
-42796
-37719
-61579
-39277
39517
64383
-97699
-68368
77122
87879
-47023
74236
-13903
-63221
33030
-6239
-37014
-88830
97643
94800
34979
4388
-53212
605
31982
-89269
65930
-75162
8723
22834
-47909
59047
78079
-79430
-66732
20510
-61021
-32762
-65482
62007
18151
-96062
-86228
61402
-70535
16030
14265
51955
33814
-35304
52346
29535
97721
32665
-72109
87571
-22723
-52825
-45219
-64507
-35112
66896
-23485
28795
42841
6019
-47248
73615
-20334
-21637
-43779
-1072
-30323
-13228
-36602
-6690
-39218
25244
-7863
55550
-75097
-30536
-53581
-76566
-83702
32287
-44663
4750
37860
-66027
99209
22114
94390
-65382
62483
90494
31869
93827
-86233
-54479
-65849
1774
83029
-25374
-73175
-67366
-29633
-11008
65208
38447
-31971
56020
51168
-48158
88172
15351
-99265
-26169
-92071
-11405
-97675
-58815
-25455
-60555
-58122
-73185
-58316
-64018
89914
-34343
-39859
-51709
21583
-9034
-12045
12068
88515
-47172
10510
83148
15613
29951
88639
-26530
-22018
-81867
-50454
-97391
-12395
-53426
52071
-22729
60858
-37858
16132
-5482
-57648
26851
57957
30377
-57765
-7404
72258
53333
60703
48111
66355
79862
-70982
12611
57251
91839
-70269
-45862
-60623
9876
79070
74619
-51170
-27179
82426
-11830
-42638
-16984
60108
-84311
-90127
-29820
87779
88883
87200
-26392
57599
63054
-359
-68180
66819
-82293
59492
1479
-2460
-65428
-60896
-99037
58406
55028
45629
46601
-45708
-18295
-17108
62310
-6507
-80249
-6311
97944
89097
4673
96490
-97940
-29591
80138
28579
-89798
81981
-12251
-33779
-16611
-50456
-71647
82103
-7987
14804
80842
-50522
-9891
65163
-88815
-1696
9584
-97735
55987
90995
87306
81874
38961
-41136
1353
75593
64117
48145
-17891
73380
83529
-64934
-2810
32858
-64958
47474
-83500
-48429
63200
71723
89851
39250
-81373
-59910
-4031
-16222
78878
-3410
66830
65161
-72539
-53563
-45561
-28275
88793
21366
-65343
96367
41425
-37147
80093
69267
58557
34822
44411
-24845
-97921
12700
-98666
61655
73332
-55406
-79030
14195
-20452
39773
-93646
88991
-26043
79544
-17453
-54787
-80675
-57497
38599
40334
-35472
64253
-18405
5605
-7211
-34214
57863
-60017
58712
-47872
-3927
49940
-19401
88805
-21634
-54972
32865
77622
-22882
36787
77119
-24108
-61923
65759
-37202
-32902
-55516
-3525
-12682
33305
-81386
5566
37727
41281
77012
55810
10875
-87015
54265
50620
-72373
79197
-36472
11271
9523
99887
-89734
60418
5836
-9153
40048
74917
6831
58350
-684
-28939
32599
53104
-69096
39616
28053
85858
-24268
11892
-59770
22094
-41393
-78222
74156
-55881
-5040
-25773
70123
4003
-39988
38774
32107
-92041
67924
-83189
70388
17934
-30135
25949
70512
-52843
27910
36547
72559
67663
69098
56509
52168
-16624
90646
-75284
-50102
-98437
-74286
71852
6914
-25390
55495
-5571
99688
66473
74072
-42371
21092
-44155
80910
-63052
87826
-47651
-6562
-76166
-65537
95460
-18004
-16481
64386
-82495
-45059
67110
80608
-88930
11696
84123
80469
-96860
18957
75910
-39357
-29637
-55621
-74436
-86942
53602
52594
-84150
-63936
-4549
-43401
3016
14314
26761
-50813
11774
-96103
-46923
-44539
-80456
18732
-70460
-76659
-38778
22489
51940
-34864
86335
-68528
22214
22
-64313
63115
-16848
-68823
30858
19380
-42604
-33256
-37852
-83244
26046
88196
24339
27356
-53993
-30761
-49604
89174
-50304
-40068
-42569
-58971
6742
-10153
-13722
50348
-85600
99187
-8232
-7696
53074
-59375
67120
24294
51570
8491
-13207
-50131
-40425
37325
-69202
-75048
-5145
41963
-36163
-18887
-80940
68158
84006
10532
91889
-38500
45562
18017
-60212
-89878
-9522
-66166
41124
-98948
63064
76490
31503
41658
75549
-95854
78393
51893
-17662
17622
-76013
-64738
2527
-80269
-43208
42131
-23952
-40746
-96684
3246
-47045
29707
42470
10270
92353
-57385
99065
-93967
-93740
12539
77176
13373
37477
14921
-59084
16974
-77390
-51176
55554
-31142
8186
-55878
-86101
-18043
-80664
1073
56565
22455
-47987
-91757
-42626
-52552
34776
47858
3837
-18738
56066
23801
8319
-97946
10777
53156
-83598
33970
-20802
-47589
-32511
11206
-96418
58040
66181
-43001
39030
-49571
-83882
-12724
20487
93702
21964
-74421
-27253
28902
-10949
88931
6778
38475
-89559
-34237
-92476
51121
-33281
-52873
-6861
-83653
-40667
-75611
91922
-34744
-75913
-39983
-11634
28522
-19496
-75014
-15838
-56356
-30437
-3381
30561
19894
-79426
-25174
51262
-76599
-25246
23928
15215
79074
69947
-67528
-91311
28188
95758
-56682
30047
83333
87574
-38646
-21803
80012
39267
-31756
66462
51991
-72170
-44813
-11355
43543
17285
-20598
-42517
90672
14043
-35723
68247
69407
-28362
61827
-4834
-72895
318
54792
78938
54082
-32310
-65504
-2321
15420
-28523
-31077
35392
-11092
27581
81701
71914
86535
-1070
77739
60911
49474
-6230
-80401
65675
-9876
-37148
-56611
55802
-37995
24694
4551
-5973
79222
33124
49242
46767
-88589
58822
-23883
-71688
-48409
-28100
-65278
94031
39001
62144
-41905
14816
36197
-9959
-84400
73638
-84715
6920
-41879
83599
-83175
47625
59558
-93446
88273
-37753
33197
-15862
24408
-83273
424
14622
-43912
-71912
-11337
54060
20436
-14057
-8264
58046
55206
80283
-2649
-11859
-66408
53863
18264
97117
-84017
50106
-51483
93742
83046
94537
12889
22348
-71944
28708
66626
-54782
18336
-70310
-87770
59861
86060
-9244
-6960
27242
90855
-25613
-66633
-539
-69612
66265
-77321
32032
-15496
-26663
42039
-18738
14622
70899
-86380
-83975
-24272
89257
-13014
-32825
-63166
-82633
-97169
83444
-85718
-37841
69007
80592
10814
-16752
-7498
40125
34943
22333
-82287
15308
85378
86543
-71211
-11681
29586
92458
29091
-83185
-61895
27979
97254
22992
14315
14615
-31956
-38775
9239
-93386
-12402
-44303
-50635
47960
-50139
92235
-3648
-64766
26102
7405
94383
75997
42874
-231
33316
-36686
82054
21044
-30892
-17872
-52553
-23695
-39361
97315
-20607
-56371
71420
52610
43986
-44724
39748
26067
-42256
-46156
5679
85864
73226
19433
972
32731
62912
-76655
13593
59472
79528
67764
58744
52051
-8255
-58855
44786
-43342
81157
-10222
96632
85672
-91297
6107
1786
-97178
47677
-1313
-80899
-72953
38653
-50525
-8341
-46265
-7395
70545
-74122
-2078
62887
30250
-66325
25678
-54312
8616
-44391
-63236
89412
49784
93188
-49909
-55096
49629
4733
32621
-47907
6810
-57706
-15808
-96635
-82931
-63044
-90729
54056
-67642
-1579
50562
98832
16180
93480
-8185
-78791
25829
99373
-71569
58501
-31390
-80859
57131
98311
-37320
39426
97746
21728
65438
-20324
-43430
98699
-23742
83951
99402
82553
33833
-81038
-32874
93058
-79853
-87953
47074
-3037
-56895
38570
-64573
-89270
91596
21834
78474
93172
-36840
14823
92939
11225
72465
-18287
7641
59066
-71765
94533
58086
44288
-44082
-16475
38451
3005
25986
81280
5418
73073
-61130
91982
-31106
-74405
89468
-22115
-33686
-18482
99515
68449
36077
-6919
47335
-50267
-87158
-82414
-97226
70708
-71614
-15723
-22880
-2495
80456
94810
-78104
44806
-16231
-79318
-77028
56151
-57124
61784
-45264
-65763
21886
94187
94868
82262
-92930
87928
79882
66306
86072
14206
-9292
-84385
37189
49248
35468
77030
-57537
90325
-36795
75902
83526
-8581
30826
15822
58703
60703
81588
36123
-82180
-22375
23826
37840
-11645
-86219
-73546
-78780
-18516
-8345
-78636
10784
22661
-28248
-17764
-98894
83821
17687
-5149
-49826
-23015
-45986
-10462
-27516
-99864
98608
53113
91249
-65066
-89079
20571
25677
9356
-36971
-74955
-45107
52863
34891
25496
-69884
73217
-20878
-61216
-55255
93135
22638
-58761
25486
96509
36919
12541
22649
-40357
77466
3236
-13309
97272
58334
87972
-9269
-75807
61394
-11052
-15387
80452
10363
-65395
90133
87001
-62320
20271
53170
-69525
87949
24871
20435
27301
-5029
87578
-51290
-68570
81578
30026
-31190
61036
83596
77295
2749
-31655
-20676
44509
-90713
83964
78295
-34780
-15489
-69471
54399
63443
-83941
-42662
-48341
57588
53855
-68252
45328
44310
-95694
-31332
-93701
-29573
54923
-89853
39777
-72269
44795
-80582
83307
-12478
-74521
49022
57821
-95361
-68657
31473
26640
3493
-28389
-93701
40751
76072
91322
-57544
-93847
69559
13924
-92915
31958
6308
73678
-93458
46198
-16582
-83971
-44611
2979
-11288
-14819
-1489
-25351
-83946
60127
-80464
10247
39827
-64810
82723
34014
-37762
-94158
76516
19526
-42228
-88616
-10094
76286
-67765
-33670
91907
-14877
62971
59852
-44895
65113
-65776
-79318
99643
41227
-47817
-38478
47618
4071
43433
14641
34110
23638
-18890
-69223
30001
-68414
26251
30066
60081
-26131
51131
18835
46935
-45199
-96932
-24217
96410
26193
35841
-45224
-99462
60308
-55419
87302
9565
29801
67895
-38995
-74227
-72101
34701
-11049
89530
-61732
-38305
63526
-7433
23039
-91234
-42034
11656
-20710
50054
52130
59113
12731
67038
-52804
-6033
-33735
39047
-28602
92746
-46504
-30163
35357
-97495
23003
60714
95145
63122
46914
-39429
-94335
10708
10117
-64377
-51665
-46724
-84323
-96550
56834
81844
-64359
-67187
-53716
-58178
3404
-85812
37596
-3140
33848
-52248
6413
19625
-33957
89127
68074
-43478
9102
23092
56983
59176
-61248
-69096
95842
16007
17644
-30234
53991
89899
-26982
-63677
-9402
-45379
-43636
40411
39269
97127
6572
32647
18339
-79828
-57959
-47306
-9260
44641
28789
-99609
86304
-6590
9599
98566
-10292
44404
36084
-13388
73884
73841
-60834
24843
3117
-96115
-18254
23318
94604
14446
-87521
63655
46239
-24629
28620
-11623
65708
60999
40951
-5866
-15586
-61683
15797
-5277
-45197
88096
-64566
3358
79793
18464
-46949
39822
-59988
79928
32312
-40173
66956
66812
-46177
-53489
29560
43503
21174
-32286
-58945
-43194
56682
36524
55051
-78622
15982
19020
-39484
-56131
-71736
11007
75659
-75663
-85438
87434
-67202
-33277
56719
-11687
-92698
42663
-95664
-31099
-6477
-23015
-57229
62717
2777
9529
90439
-10035
-89612
-56729
87313
742
28556
-6065
63492
27561
-11700
-4583
-29881
-56854
75454
14295
6584
64068
-12162
14376
-79230
98228
68575
67258
-64193
-60102
58801
-78533
9736
46542
-83302
-49031
50941
35975
-39121
-82763
-11917
-96611
37808
-91068
-15259
73511
49404
97444
15166
-9709
-97548
95073
59008
-85412
94160
-47852
-60523
25929
57283
68834
-75492
-79220
11449
-78642
23611
99844
-87577
-1272
88682
14978
63166
-73520
73451
47885
-78583
-39393
31108
56899
-79053
-92054
-881
-42845
49967
53485
50884
-3785
-76742
-46510
-9255
-78818
11258
-44627
-39212
18379
-95593
-97104
53508
23581
-1858
55945
-31227
32063
-54436
11074
30549
66479
4156
76031
74115
-33503
37381
-61443
18462
-59654
-2617
69313
-72427
-41476
-8940
76143
-49738
-5939
55395
59807
90391
-37890
96223
52708
-93710
-30183
33474
59427
-99739
33737
-25070
-83532
-90885
17760
-97357
1978
-34664
27137
-32553
-3654
72560
18751
-8299
-54108
61916
12849
-75702
89605
-90778
-50385
-80720
-521
36503
-74572
94770
-17904
15059
83961
-21804
-44401
77199
-29508
-96859
-31295
26183
-13950
-6579
42897
48766
-46534
-13025
54723
-10164
73055
-46486
-75885
-86607
52102
18616
7262
88714
-83760
-96572
-66336
47675
-41225
-58143
91701
-60553
-38287
-72878
-64956
9525
74118
29213
-72934
-10470
-52880
49395
-19748
-14883
7179
-31649
81491
35441
-45578
-63673
87181
-66665
-72138
-79082
-2289
30746
-59538
97376
88092
-54585
-32318
-32963
-47405
58634
-97603
-23185
33503
-65060
73917
-19329
60821
80135
31763
-99471
-1273
34574
2441
50908
-14672
-95713
-58848
93386
-48529
-18843
39470
52878
-65157
524
-72079
72809
46833
-63174
17869
-81485
-89345
62241
5115
-51862
32359
28850
67874
-84681
-55660
52492
89498
20729
91382
-94315
56727
62094
12787
76253
40619
-23029
14579
-88568
83262
-53886
29165
76313
-72943
29321
-32207
64006
58352
4415
-82947
28845
45478
-93793
-91234
86297
49490
-95080
82283
-13740
-968
87494
-85817
-55811
-57234
22561
-78771
50884
35769
28362
95064
-91377
10971
34410
-92502
56430
39809
-87033
27105
-53095
68970
-70112
40091
30444
51792
80187
-89940
65243
-11708
41206
59419
-7215
2754
86220
87808
-45617
48971
34381
44581
-31897
-69177
18326
-69367
-65547
-76127
61116
-91122
29811
4813
40951
-38672
-24568
-15047
-92334
20450
59409
44385
53476
-24656
-87535
-30704
-48880
-86134
19780
-16171
-34029
40293
-79324
53868
4779
67904
86847
71315
9016
-44473
78219
-82723
-58134
-44333
-50083
-99904
63325
52404
27228
-75024
-99042
-41063
-59246
77613
42073
12722
34045
10856
43112
-87514
-80588
-55822
-11193
77984
46226
11259
-59906
-89470
-30822
-57591
46842
-68587
82666
-28649
-20901
-79346
81443
7667
-29449
-14674
38366
78355
855
-2915
-16042
-52992
-44862
-20474
30219
-87390
-20277
-44271
-8998
-2778
-64835
14544
-93995
-42202
30270
-880
26658
-32498
-71139
-39425
27815
51773
-23994
-29653
60910
31381
-25055
-26781
-92595
14889
-786
-44297
-89566
18529
-91429
55307
50409
-53929
-1673
54007
89711
-77511
-20849
-62747
20072
-92084
41683
68380
90797
-5562
43497
78433
44879
56993
68056
-41445
76792
91150
-54600
47835
39129
33483
-81322
-33167
91520
10085
10048
78055
22142
-59037
88497
-26227
53587
-43743
-6438
-46925
19648
-67276
-6150
-2575
-38943
-24471
25780
24099
81125
94444
94066
7042
-79100
17551
59195
-39562
-312
98563
84687
-18143
-23597
71838
-88787
-27917
-39381
-31113
3681
84230
68418
-89389
43431
-45830
52702
98219
80685
-36023
-45605
-86114
-6483
53941
36246
-15167
-31442
65688
65841
28175
41614
-70472
-12424
-82307
56730
-76473
-14564
33840
36204
26126
-24186
41659
-29266
-94575
12815
22926
50211
-28804
6068
67314
9173
83322
-75635
-97443
-18047
-58562
-36359
-89127
-24376
6652
-50450
30699
-49163
-28343
-3861
99202
-82619
-75637
-94648
-35919
32815
-74407
-64507
-42685
57545
2966
13149
79384
-32217
-30017
-92904
-53603
-76008
28036
85868
54984
-57973
-8684
-60059
61223
-75122
31738
-54327
-37623
60884
-69922
28611
-54510
-66147
-46512
-3236
-83295
16237
-38353
1136
-68836
71971
77123
61959
50469
-41627
57441
-97277
65480
-83770
79093
-26120
78774
-16734
74723
97111
-24130
85438
-73095
-21862
-869
-45315
-71887
-36346
25539
16125
-29318
-69105
-83962
71564
96249
84329
-19066
-30111
-34605
62099
-83338
-47204
44042
-2031
53881
-55188
-23255
75639
-76852
-18552
80706
-24834
-22032
56273
51126
46440
24431
39098
-31658
-8702
24670
-3539
-48017
70283
22991
29290
64005
-18183
-10540
-5134
-45127
52119
57715
-30193
-27781
82589
43940
-61288
9515
88911
58178
-31090
44778
-64427
87190
46935
48735
90413
-52211
18405
78460
-15663
59819
-16669
-50422
32709
92262
43561
-2761
-9568
-15018
40770
76019
-12687
51860
-52757
6675
-81801
-31322
-20689
-22069
31869
-36672
89228
89897
93621
-28703
50528
-82812
62711
47283
15412
93395
11126
69811
-42223
-42682
23093
16810
42610
78581
36852
30622
-73865
-70787
-611
78192
-11413
95239
67844
62233
72084
90317
72149
87922
-15148
-78218
-18692
47834
77080
57352
26720
25557
95585
-5122
7518
-40232
-78193
-81909
-84517
-87034
-36090
-59678
-42687
96934
28459
-65878
-66108
36587
-59552
64434
-34416
10610
14805
-4235
-31077
-18554
-65870
22789
76378
71382
28853
-77660
-12615
3118
-33803
71024
27004
33420
24786
3765
-77523
43137
76374
-88428
-40415
97078
-10542
80182
-3941
-51916
-52114
-71505
-32674
-82574
-86758
39652
31092
-92284
-74884
-42732
51647
84024
-54908
33385
-58788
61598
-34043
82754
-38087
91085
-2628
-90601
11110
-27682
88362
-33060
-60328
94408
10493
-88517
36574
-46746
-31140
-77151
-42909
93769
77092
-66332
-93821
87267
51973
-64958
42903
-62647
-98825
34159
-79647
41166
96654
88084
-69846
-41173
49191
-90210
-14945
-12714
-27746
50527
27247
99589
-58942
13496
4471
-84581
-44642
-81322
-23393
-10942
-20512
24037
-99164
86380
-42298
81134
55066
-8730
-84209
80059
22995
-74535
-5971
60895
-8208
-60900
19679
11948
14161
-92205
56930
12651
79502
-8394
18539
43279
-95843
84624
-98777
41760
-18968
-39817
44652
19132
88011
-37464
-74335
43637
-88726
-58647
72748
-84870
61244
67171
62606
38065
-67919
-75207
3527
9866
-5756
17058
-3772
50568
-92269
-13459
-82760
40577
93826
60649
47993
69432
-25336
-19812
-17623
54214
-72891
-87551
43270
40947
54068
-44018
-41735
-75171
-43969
3624
4
85214
-44273
-8781
-56088
-27011
26893
-47005
-78836
-31967
33498
17350
-73510
16607
-30391
10436
12788
42512
1032
37097
-35157
2938
-14901
-10594
76206
-37447
60301
-1600
49625
58333
1217
48680
-81111
-49683
94144
40731
-73641
-40788
15534
-23515
49201
39741
9683
97100
-10245
-27150
25892
-79002
-87966
46415
37403
17378
49045
83403
-88701
-93850
-21352
-44087
-54753
-31526
-97181
85341
-85086
-17096
52432
-46054
77596
81692
-77480
68196
26231
50641
57913
-97062
-19242
-89302
12803
-78777
-42085
353
-64974
-33684
-53877
25532
2886
-42717
87092
-89705
68244
38259
1868
75382
61722
51150
-76904
-97666
55972
-55931
-23348
59586
-15316
-50456
-8367
-20230
-39812
30016
9
16243
9724
-79831
-47408
14847
14980
-54577
-39474
-30269
-23866
75008
-72857
-78861
-45506
99721
19877
-37203
-26138
56595
11748
97552
21967
-78588
87822
-89171
65279
84605
62430
83114
-55408
-32813
-71969
94197
-24975
-61585
83
61633
95856
-77758
-88214
-13607
-70280
-38267
-26406
-53631
-4583
-27032
17450
-82526
56627
79378
38922
23796
36252
-51825
-90558
34128
-87373
-91013
-64981
60836
72443
97859
-4772
17072
-60132
-43249
-97725
67361
56754
31391
-3905
18224
81295
-97177
-34
10713
57967
-21762
87535
11649
35856
-59000
-64648
11088
-93787
86903
48111
-79421
89046
-11908
-21096
-82989
74952
-70228
94422
74708
36907
45986
99954
34956
-88438
9307
-40493
-87047
97629
56153
73155
-21865
-4136
6037
-57832
52708
-97921
-14043
-96412
98637
-18807
-23680
-99964
686
75747
3218
9467
66914
-6403
90668
-31939
53797
-34335
-40321
44106
49155
12160
13904
-4814
-9867
59047
17202
28060
92521
28354
10855
-60435
-5615
-22904
98558
35953
6931
93348
-73041
-1610
60192
-63460
-5285
17542
-44254
-2660
19262
-68564
-71947
39232
82680
-18588
-50673
-21372
99786
-67107
-796
17676
-50604
79667
16970
-11077
-34002
-80096
29720
97357
4614
-8534
-9244
20588
18689
61472
-96119
99065
-9504
-87415
-46583
-42133
-70853
83968
54234
77151
-78898
-93523
-12898
33524
-15069
85771
56025
72335
45199
-92115
50264
87726
433
-98707
93263
-14567
66412
71343
56768
51786
-82707
11030
-36281
-50829
31286
-78537
7536
69800
58592
36860
-45238
63754
-11804
83398
-74792
30359
31312
-50809
46891
27474
769
-46717
-6459
-50783
80151
-66761
69624
92168
-79061
60431
-83352
-44134
-2243
-39765
-70405
-56572
83867
-64662
-92003
17510
-46522
-55997
57086
88970
32079
-12192
3332
-78982
91705
-75511
44015
-53449
80950
-1775
98110
-16935
79331
-60849
98444
-32288
45601
-88516
50952
43538
96791
-89133
-98154
-7142
69362
72865
29397
47501
92064
-91975
-81036
-52126
99284
-50620
-13904
-80012
-20881
56693
-56152
77687
-62852
30225
-49032
84256
28587
-33162
89625
-30599
78596
-40975
44482
-59635
-9438
-83510
87129
-79387
11524
23457
67448
-6717
-34513
59539
-8331
-52404
-84291
4740
28888
36277
-37109
-58219
29421
40543
76711
21735
60574
21666
46177
-96847
-47998
-18745
40928
-81832
16108
54792
47292
88454
65238
90126
-1926
14821
-83081
-72839
-55782
-13114
27830
-75658
81705
-40117
95087
-56514
-83615
-8320
816
-70430
76076
87865
76271
-57141
96277
37134
-52745
-64957
-68545
68004
-97619
-61306
36583
-92497
79528
99357
44554
-58283
-76616
61174
-51381
-52161
-32770
-73376
-39406
3609
-96848
12361
-91778
-6159
-38070
44843
81666
90736
-49082
95004
87534
60175
14591
-42835
-88307
-46609
20195
-72226
52100
77913
-83090
-52041
81413
-95103
-44252
-87700
60210
-62969
-48294
-89378
-16117
5445
-85376
-13883
75440
-29694
27541
-55937
-34930
-15317
21458
-64381
-52131
-74430
-82343
-23988
-26492
-38835
76368
18794
-89823
-96126
-57074
96831
-36277
-69942
-49118
-51098
91689
40422
-22258
-69615
-20978
-50152
93539
-3815
-22157
-88006
-70012
19885
-78107
-46019
88064
79310
-98233
-74508
30139
54911
