-53889
-85176
-29579
66131
75716
49962
214
-72997
-13242
87926
80368
52888
86233
37106
25060
-61666
-93958
-18228
63863
-20108
-21835
-22475
66561
94104
-91817
-94739
85227
-57665
43914
-59676
-60616
-51608
96216
-81386
92937
56070
-35256
61267
-81178
-78785
-29757
48853
-37654
74082
96211
-29588
-71371
77685
9630
3449
69278
-50621
-66519
73754
81301
93811
-1403
72498
77982
68325
-37566
73723
61765
38174
-30143
47336
26281
73817
65099
-8910
-45957
9855
-11968
38834
-81914
-87695
-18797
-3988
67548
-69799
60447
24368
1384
81434
-45235
23232
-36172
65829
-37051
41331
75616
-67010
-22674
-78044
40179
96671
-15462
51904
52076
-63169
57050
54886
18363
-10536
-68615
-9879
-80484
-4513
72475
52553
-76742
-52563
-96195
59128
43861
28035
-45945
-85601
85199
96847
23139
4515
91376
93662
-60949
50419
-16759
-40630
77962
-95419
34238
79344
66201
54519
18317
-82115
-56202
-31560
36911
13468
44940
-42485
92585
17837
52845
-11694
-35661
-4720
-57317
-93493
-64885
-301
-96055
-3606
29846
-29511
55003
-85614
-32888
23184
-47029
64728
96179
50114
-1416
-97678
-68550
-21405
15411
76184
-88042
63298
64424
-68501
27654
-43743
93239
73325
85567
-93776
73596
-90853
74566
955
-47066
-73833
78450
5358
10526
86042
-33454
23630
-86826
-50316
-18160
7736
-69096
-2681
83899
17432
73283
47273
-56457
78228
-4607
-72370
82423
-57292
86533
75044
70944
19502
97995
89180
11701
-70879
-82223
82938
-18335
46040
52926
-76529
34503
-78495
-32127
64379
96721
-6916
-21324
-73099
-73194
53223
-9758
-58455
-32955
87166
-48051
29063
56180
66521
-55031
-33346
81718
-3299
40830
4532
47211
80303
5021
26035
-39501
-25343
-9209
3012
67658
42976
86364
-72116
34926
-58999
-61157
-84132
91258
-15443
-93642
-99936
46836
-88755
49745
70039
67016
-35887
-94021
-30554
65439
-88205
-33939
-4905
-14025
77579
-73721
-22021
-88347
79250
18951
-12237
78423
70106
54297
-37009
-20348
-26586
54987
-47265
-13075
-56776
-98346
-30110
-30278
-56023
-1192
85955
99754
82193
78063
91254
9531
78302
-85197
-6115
-12082
-53073
-33756
43585
-45235
84809
-74665
-97873
-30684
31617
99903
1097
-26448
12816
-49515
-80361
66603
8168
-88670
75788
4524
-54281
-71792
71090
27214
81990
-51699
-94479
25369
77912
-71380
-70282
27855
83956
-86542
-92648
-20917
-34997
-4915
32012
84070
51332
63121
36649
18607
-57603
38344
16901
-82331
75099
-93344
96685
35738
60299
18167
41843
-67939
-42344
-88477
54693
-34961
95445
22166
90191
69182
-93142
62269
12480
24194
71837
-74559
-11214
-52776
-80542
13735
87449
8484
43297
83106
86235
22253
-97005
92718
-43563
-86467
27732
39814
5568
-44371
-84417
-47037
59465
-89737
14844
-34799
-81156
-54034
77451
-55745
8728
77607
12326
-50908
11304
-77605
-25839
12929
-28817
-9970
85233
-78427
-99122
82742
47344
-43141
-69645
-93
-25319
-83418
60876
-71242
-8042
-91527
-870
-63761
98672
78369
61189
-1534
87945
31621
-70862
54262
74119
-94380
13882
-2943
-19719
-83638
7245
8537
-11492
-20037
-40533
49475
-99784
48626
91928
-33075
93993
-6399
-536
93160
-7727
78567
-40365
-92965
36221
27160
-75737
-38976
83083
-68009
-43179
29959
-86831
-63963
-66626
-86828
-47078
97321
-18452
15274
68348
31275
2554
87005
33584
-47217
-20986
-36883
86682
-58610
17682
-66970
-43364
93253
-75608
44144
-94748
-35735
4783
-43365
-15140
-12268
41970
-80102
69334
-63093
46841
-68072
11152
94651
55591
74446
-63553
75531
-71012
24936
-77049
-78647
-79814
85106
-16230
-52537
16901
-27912
78077
-13536
-47840
-3482
-72732
45732
-91450
96261
74624
81761
-84378
3845
-70615
-87791
41453
45500
6142
10831
53754
-66088
-39736
-39341
64304
-66268
-96949
41068
30139
20966
-91801
-25496
62725
3029
58245
-63158
-75136
-94375
1551
5876
40166
-15420
24587
-31949
-41307
66550
69983
-96614
-16230
9796
21052
-30
-56874
-48651
-20119
96918
-76380
-27982
45294
91759
-88533
73308
-59143
54621
-46445
-68866
-57617
-84555
-94109
32224
75711
-9639
-81741
-72172
39705
-22381
97508
75445
-39247
-62335
-51270
34457
-85843
67548
-56615
73619
64971
-56500
29224
-14079
-51226
-32260
-46011
50591
-41328
8134
11349
-39376
67753
67290
58966
-26205
63611
-99285
-10502
-34660
5222
43379
-40249
72337
86987
-20245
-94060
-43021
-86025
-75716
88934
-86025
1678
3487
-93944
76065
-93640
-15679
82440
38730
-75793
37000
7454
70149
99312
-48295
-62294
-16614
3561
-25355
68590
11926
92364
-45637
44010
-64730
84726
-7632
31692
29941
-30263
48258
-6674
-26996
58162
94202
10658
15217
36639
31048
49269
-72994
64585
73259
-24513
92380
25465
-2432
11187
38687
1800
-61566
-98743
99164
65440
70581
-42490
39905
9487
-88340
91539
75489
-35870
-94915
19893
-65238
22414
29955
57529
-49144
31967
-80287
738
71427
-33804
29304
-78344
66294
93727
77920
-71587
-52789
-63869
-19571
71464
-90933
-61958
18974
63426
38508
-8271
19002
-27276
31206
62940
-69199
86755
-22074
5062
82497
29868
46960
35994
-90434
-80091
-14217
14397
63939
-38524
-49270
-62545
-59303
-99494
68122
-33575
-71501
-74628
12783
38577
-18336
89908
93041
-6648
17520
54532
30576
-6797
84019
79272
64952
86687
49047
-86117
20229
-45213
-58383
-55405
-61333
78069
-43060
-75717
-85377
-29700
37818
81951
-62334
92892
37224
-6905
5233
56046
56999
-33370
-98353
97626
93670
-33600
-54343
-96266
-13732
-60198
-53576
83065
-73194
71515
35246
-25209
-86366
45935
57639
1908
24647
-73817
64394
-61075
67587
60564
-7027
56460
-65152
-26088
-12243
-51253
69411
-42226
-60891
87358
13917
-94544
-75313
-71154
-63920
50518
-55226
-8522
51405
28013
61641
36722
-14314
-95923
19324
-23927
27795
9374
-28503
-44633
-9890
-17574
56261
92637
-65269
-8995
-44845
23104
80076
35334
-13789
48147
51375
57134
10893
59150
-11164
48585
60376
21081
68211
80882
-96546
-42758
-71858
71579
15964
-42664
95866
49812
-6092
75349
30052
53350
-14137
44241
-85579
94249
-65678
33398
23407
4554
71272
54509
-63508
29637
-80092
-80553
-54692
-21183
-43771
-95475
74549
66925
5042
24964
41296
19076
65829
-50420
9163
96804
18052
6556
28786
12751
51446
99574
58731
22851
51492
-20443
77159
44679
-48552
5346
80813
89240
-33824
40231
-95872
-51593
86813
-24317
1521
-31118
-44505
27748
59382
37574
23988
-99522
-5894
-3935
85704
76038
81008
96907
24237
10516
-45478
34586
34580
-76111
-93785
40327
-24600
-11903
456
-32811
-32592
24247
80634
7922
16512
-138
14911
72250
22736
-45031
9033
-68106
73712
11481
26726
-85938
-5917
80977
-80676
-67481
69957
-68685
24698
18025
7087
49570
38383
38378
-43568
37981
16219
-39721
-11113
55326
76076
-65961
-57822
63039
4125
-91794
-56714
-94164
-96877
-55993
-20603
-55212
-75612
73466
95640
-89004
-45621
-10410
53316
50959
72275
-38088
-224
24212
40242
75951
-61562
49869
-3077
-1133
-56080
-23306
97537
-29536
-16445
-22718
-17953
-58446
-23624
-36891
36098
49905
13371
-10066
-28254
-31935
-71408
-39546
-93462
-79046
-16658
-10912
-41037
38654
50232
-40512
52297
-47127
-39443
34239
44945
-97120
56991
-67046
-10315
-4252
19902
38978
-49460
91840
18194
485
-58824
-13980
-75145
-51053
-48464
-99852
-83595
39272
-39134
-15818
-48241
-12174
-78940
27187
20882
-42323
-75325
91669
-72804
32034
-71015
-10642
-12191
-45106
33565
-36479
56899
12656
-48610
85801
41489
84260
-25340
51036
39718
-4217
-88320
-71855
4990
92418
41299
87379
705
-24268
1023
71875
-14651
87883
19016
36339
-64812
-18531
62788
-30129
59967
-94267
12374
-65143
49743
11821
-19557
66511
-33604
60984
-98359
30825
-19016
93326
-73790
39013
-735
14632
44615
33346
-63616
86511
-34783
-10377
73617
43297
68464
-33587
16263
11579
11799
59710
62701
15090
-99052
-30647
-44894
-28100
55947
-25474
-33621
-91255
-86512
89392
-81792
-37278
-8816
90086
-47496
22386
-45795
-43588
23954
-61626
-67761
-18738
-7849
36221
-34272
-31328
-66049
-79541
70238
61040
67416
-32407
-62164
27627
35977
-2127
9466
-55780
-67158
-97303
-9480
-34633
-60798
-59913
37081
-39920
80353
65302
-81329
97005
-49098
88892
91888
55097
-59802
-34776
-13223
-71098
-6555
94428
-73789
67364
86397
-22329
-55330
85543
-10611
-35627
-4061
-36500
-80883
-27626
70352
-73238
33380
-25223
-23533
80597
14882
-71407
-80293
-33456
-27527
94833
93225
-47347
20966
-97515
69752
-59983
-70331
-65058
40939
48287
-23468
70783
40481
-76492
73937
-41433
44800
-51246
-23029
-45390
-76093
39006
-17630
-84448
91110
18636
-88361
52089
-25088
-70104
88483
-49931
52260
-91938
-64104
68607
-41274
76202
-91485
29959
74293
-35606
-9767
-84855
-79167
-15138
93343
15709
51390
-37001
-71235
84181
-80750
-9964
67159
-8820
-26282
-73515
64527
29198
42920
36097
-74390
-53446
88966
-96539
22822
93744
98912
-6242
-78423
-60107
19676
-35204
-77928
78418
-14149
65315
22251
-83747
33094
-1983
34441
-42081
44149
5088
71239
-55918
64944
-32003
-51600
-8472
-18580
78450
73907
63064
-55400
-79088
-2505
25453
-95772
49668
-41818
39435
-69917
-55243
-88760
2912
-16816
64647
28552
-30674
16233
-29435
50473
39153
97371
52822
-71511
-84832
64212
9677
-25653
51237
-86659
-31482
-58452
-76929
-39278
-65863
68708
98762
-40455
93222
-89962
67776
-33128
-59968
83832
-68689
-50693
-26487
-95848
54753
-76712
-90522
-54189
7871
-92767
-39255
2848
74744
-72986
87486
-95730
55413
61782
-37696
-91070
8083
17174
-80494
3865
-52467
65959
61380
-94104
96588
65600
-58879
-47781
81967
75177
-44789
65245
1692
-91957
58286
40987
-37508
-44310
27937
92454
65421
43354
18798
-70775
98013
-75261
73715
34487
-74834
52915
-1209
63972
-95067
-93093
16701
-73977
688
-88700
39575
-27350
23610
-80169
-99452
-24648
-49299
-42061
43732
67590
37023
-52777
-11806
92365
-27683
70912
10446
21057
70613
-7589
-9918
58709
-92527
59713
12958
85370
-82423
-21092
62631
71803
-44028
-79650
24496
73313
18225
11301
-52728
16526
10036
-64524
15729
56289
-79654
66905
-90204
63430
-31183
-20194
39577
96302
84214
-6820
9635
-23849
7362
94702
63319
-76003
91665
51546
26895
63235
-12317
-38680
98498
20196
-21780
-44989
-6885
-39178
42318
-46011
-93673
-55189
-58445
-15917
30196
61607
-45870
-62398
8026
-54261
62201
-37640
-35662
-68735
75994
87911
-41771
-14955
-80514
-52389
-55928
-88603
62760
29660
-63583
76581
-26420
6747
23151
26152
-74114
38563
42559
-99869
-7117
-21574
-36000
-54866
18735
68929
29071
-19650
-8079
22190
55257
54423
98560
67479
56236
54739
44965
66232
90234
15382
-14358
28257
-31789
-89341
25259
-10593
43411
-66269
-26053
-58402
81662
-5404
63855
-21709
-79918
-5891
8379
-71639
-21576
-48804
-35391
37980
-19914
-61551
7946
55385
87549
15443
-87134
-45034
64553
-40139
80106
59225
-78432
61700
62941
-39436
52720
38962
88954
25697
-1205
-89530
8545
40714
-60877
-68039
97361
13230
-68166
-12475
54924
86212
64940
-23095
-64713
89548
64043
10435
-21151
-13248
-580
-60032
-4590
8657
-85221
-35892
-6218
65769
-79445
69886
1604
62506
-7196
-46118
25070
83710
57088
49055
-2352
-71405
-78294
-33523
-60921
27736
-21343
6992
51730
-58264
-6926
-42379
29975
-60874
54323
55867
82201
30955
43712
1500
37751
63497
33724
21052
-16767
-13068
-29776
-83991
-81567
-66072
-42027
20552
97322
25670
-56605
45337
6761
-45027
84697
39044
-7765
14898
-67529
-7351
-96687
265
-55356
72006
61614
-36439
93787
69939
-83831
94736
40908
-69058
-62445
9354
37816
-34361
-18639
36937
-72967
92930
-15768
50556
45316
65495
-83198
47088
63660
79441
20644
-37560
24341
86487
-93659
-17148
-72298
-26027
-84705
-47721
90214
-50239
-93735
-34410
63548
-76133
-23723
-69509
69937
19843
-85575
29057
22643
-3295
-60013
50905
30824
39584
-5061
-99472
32247
63306
-93685
-64141
71089
-53396
-24361
99781
12376
89136
-43989
70238
9909
-16572
-80035
-62497
-88127
-88811
62517
91881
-26460
64637
-13568
31478
73936
22664
32989
-61913
87072
72066
-37633
62617
-69117
14219
-55305
-40890
6892
-65422
-95992
-15363
3752
-94591
-62906
73129
-48058
-50498
-68494
12590
-2530
-46662
68630
-94813
83040
-68453
69390
40240
-80225
-92916
-53747
-43537
-71995
-47929
-14141
-12320
-23526
26354
-2683
-35929
23083
98450
41190
86964
68039
-93564
-42478
-7357
27120
-47390
50316
-99395
16191
-78128
-21032
-24436
13729
14739
78452
-41393
-1407
37566
6880
-46649
-18876
-45347
-38853
17847
64300
1575
64462
65725
54941
-69170
-91971
-53820
-48590
63408
58121
13021
79109
-11772
89409
-47921
94048
69907
58712
-69682
58945
-63464
40334
64167
-25912
-3373
-58273
35391
9251
26084
-86314
-87981
-38459
-39715
-57898
-2952
86296
-36990
26891
95314
-22611
-19034
-2271
-72629
-4370
16739
-96388
27171
98998
4242
-23200
42744
28244
-21174
55008
23036
-25921
23703
-53686
-27645
-74579
-19805
83987
89296
24760
85986
-31823
23199
-3712
-13005
19542
-89264
-76071
67323
-25106
84247
-34302
80050
-85379
-46124
77561
-17893
62633
-85156
4633
81875
-4202
71135
6819
-62977
79068
-34527
-33197
-25350
-70337
-40432
15349
-62023
-95368
59250
97267
52171
-11127
-75332
74230
-24886
-33128
78014
-83420
-28206
-35631
54818
-22483
31554
-73619
-54327
75519
96469
9873
-49088
96631
-49208
10904
-98513
44396
-73920
7430
-55242
-73946
-56958
-35983
30622
33828
83572
40425
85840
-68960
-91914
-46240
-68775
-715
56872
-80017
20621
-78220
65827
-45457
41392
35420
-34324
50748
-34647
-9273
-38168
37426
-60804
93979
64426
-3224
-25841
-15598
42537
-29536
-25581
-27301
96151
18588
22767
-81301
15307
-27226
-49482
-38911
49261
41216
-76821
-2799
24923
-95305
81866
11146
-70482
63191
-1084
17129
82039
-47499
31897
-9604
44431
91581
-30717
3472
3695
82232
-20681
-78086
2139
59755
13141
-79231
84298
10922
-78579
45428
-35602
-97180
35672
66302
16258
92918
73164
-26930
14159
-9272
-38558
-66395
8351
73449
95139
14720
-4557
-14737
-35736
-95202
-44642
-29704
62671
-16857
4888
-71799
50898
727
79679
-28015
-76012
80912
18472
-3957
-37328
30054
-43275
43336
12700
58351
31229
-15682
-15770
-79482
41885
26692
66285
-29962
52955
-36649
-18854
36540
-28367
-68110
-14148
69713
-31681
90509
90312
-54409
-63684
-84662
-26915
-25870
-45388
15605
45777
-8004
89160
-97805
15837
70511
42436
20427
-77000
12669
-48436
41908
44625
43556
-49108
-42782
-5503
43894
-71604
2031
-53423
10237
92955
-23443
-77106
-4997
-33393
57832
-92240
-28480
8977
12183
-38254
-69598
1331
30043
89049
90722
71661
-76049
-98943
55979
-3553
-78027
-70306
41988
-8085
-84298
-86237
-95918
-22108
97900
75556
52721
-39306
-85840
27939
-85281
-16435
-59078
-86695
76627
69456
43006
-49485
96544
-92129
-55449
1017
-69599
37556
3341
-15129
-39262
48873
16415
93405
-56338
23228
-34092
4936
-48906
11219
86033
34089
53413
6927
-16316
-9204
-63534
8632
73231
-24710
-87584
-99931
89470
-18769
41054
-17449
54560
41372
-96715
-66930
-38246
85019
77195
81904
37747
52481
-78326
-79774
-31444
41691
31881
80014
2748
99472
62890
28995
60779
98183
59392
-9795
-92581
5207
75890
-64436
-68331
-26446
-44882
69587
42468
-65422
76788
64446
-26988
-76854
81534
-94206
-94243
-24489
-1294
81303
56016
-38113
81189
56883
-80032
93031
-87568
72819
97113
-92989
-14061
-72275
-75684
49505
91721
98048
-91869
12154
-44202
69776
19418
75525
41525
-71506
38112
-51105
8094
-63347
54842
33861
33769
73184
-65252
-40534
-33294
54141
-92684
160
-45535
-1140
-28919
-85840
-6841
38240
-72601
73380
17318
22197
-60286
-52357
1890
-5013
48837
-11014
-19774
-45814
-88312
-40549
54207
62389
2444
94268
88428
92134
55030
96800
13861
96897
-65606
-67975
-60601
85481
-37179
77352
-75378
80462
18214
-25931
-78139
-29806
-94394
91451
19322
-81626
51023
-87344
1696
-48501
-32179
18341
27525
4865
48472
-15836
-65881
82666
-20729
91642
40642
6093
25133
-12963
34169
-58260
81294
10125
93633
71355
-5207
82083
-92060
-2084
66255
-98664
-78518
-9964
-98156
-29491
93892
-79664
-2595
-41961
-94646
81463
-23736
-59159
98692
-41904
-88656
-30105
-78056
-11381
-28299
73096
-15080
23624
-49578
18437
9531
-11129
-49633
20177
13125
-45073
-45819
91416
-59484
-67478
-51516
-89048
-67318
-42316
-38224
-23865
25034
26747
73464
-26473
29664
-70590
-45981
8182
-84124
57440
52111
86722
-19808
-34585
-67744
-99600
-92660
82243
-64061
-719
-95318
9773
-1182
-70928
74370
73832
-68353
-82388
45366
2247
-87689
-13143
86507
27653
36882
61222
-75080
-79594
38544
85843
-22839
45834
28105
81098
-75892
-52389
-28048
-73505
60076
83488
-39160
5735
-27794
-99960
73743
-52066
-48856
51546
-98701
-80949
-68569
-5944
75892
63397
40924
-20382
-56093
46969
-87316
-58949
49782
-87845
-9847
26427
-97189
-55087
-9284
-79973
33669
29007
-86129
4364
-37627
15255
-12264
65273
-89267
97495
91118
-61219
56698
65624
75092
-35672
38701
94382
86231
38384
-39622
-72185
93213
85491
-87838
60855
-6382
49340
51532
75721
-1720
-41645
30323
-4783
-96490
40316
-41361
36427
91681
-54413
-95650
-22942
53711
37898
4394
-99068
-62533
-3096
89169
54998
-91726
-54127
17845
-58931
66720
-98192
95489
71845
-8616
99023
-22993
1109
89788
-65341
-36880
-7961
-17732
-4472
-1100
-87039
23807
-49956
16139
42405
88129
-48101
11400
-76733
-68985
-88049
-89166
76523
-31455
20006
-67957
-52459
70083
35086
-30867
-26177
-19530
38650
75802
-43048
-69464
-55317
-55479
-51242
33282
-291
19742
29354
10383
-38813
82615
-65873
-93145
-59414
20807
21732
-57918
25
-140
99669
-22588
-56661
52492
20202
83038
-17661
-2834
93617
-8335
-1081
24682
10832
-86023
49365
45170
64741
-60973
52527
48979
28780
-11428
25344
9012
80123
73726
-3037
94189
99380
36691
-33682
-1695
-77155
-69631
-13158
90329
-77593
-45404
-86177
-67100
-11838
-74884
-94881
-41227
-54020
84346
-98384
70279
91618
55140
-64520
-41911
80904
99041
73881
-87793
11434
-22232
20024
-45911
60116
35433
-27716
39414
59650
-78289
9837
51654
558
4034
-63776
37301
9200
-38816
61379
1143
-78791
76683
-73934
-91987
91167
-39099
-32015
2474
-3786
-98083
-25753
68543
27668
66037
-36205
-89608
34789
-66225
-532
99561
34105
-84989
19089
13034
54938
-18919
-49411
37251
-70172
85203
11304
-50884
24452
-68430
-70246
30017
-11764
-85965
95846
31579
94108
70263
-34471
13708
-98733
-99499
-59510
-23408
-52786
-48071
76729
-20095
-74580
-49188
-56866
6777
94002
-20901
-87749
-84829
51800
-33325
-88137
42906
84298
41085
-28344
62322
13581
-41854
-99920
-74173
-19534
-26730
98897
51380
-63938
7098
-21592
-63324
-73117
-73104
52598
-66260
32605
-11846
71701
8925
-58202
36385
-42201
-67326
-10689
27521
67591
-1644
-73367
97576
53818
-99184
-30229
-61543
72498
72490
78144
-41545
-32085
7758
-46473
-24579
94724
3113
4318
43430
-14522
-31812
26429
-71252
-64721
95915
-64828
-90805
61746
-92476
54268
41241
95765
-71309
47596
30598
87831
-27321
-74586
-75255
-95505
28823
-76496
-28435
46923
73887
60283
88984
-76144
-76187
-88560
-57681
-82966
12545
19512
-2028
-62459
1565
62218
-8108
6082
-88399
66744
-35089
30666
-63351
-97165
24627
19777
54539
88008
-26798
79101
-91713
-47840
-50232
-24516
-38885
77119
-10249
-6271
-73484
6599
92259
87226
27937
-55199
96369
-61430
-99153
35783
26122
65477
-19876
6803
36407
19944
65695
64197
-33721
82663
43936
-22063
-35054
77702
-59532
96997
35023
-92225
75193
-88926
28608
-61492
87536
45922
24836
-6720
53525
52387
-74966
35676
-98616
-13115
99498
21181
-62212
97641
87507
-11755
-83102
-92113
-21665
3440
-10449
-33049
20280
-18532
45347
43599
-25565
43
14953
53740
-31903
85510
92341
49675
25570
11650
84699
-8518
-41489
-33771
17928
-78739
30011
-6792
42576
-93784
-87345
-29047
-39747
-47365
-46927
47307
37148
-16371
42268
-12074
46655
-69669
-51801
-81666
43534
92590
-276
-94909
-45151
-11715
-23944
-89982
-18751
80520
-42665
33620
61799
-65783
-51075
93467
-45172
91379
-28705
50556
-51101
1109
93006
-66898
79216
15305
-77495
-20667
80793
-93126
-82266
-65698
-42279
4164
-36307
-8957
-92187
49293
73449
-42727
-19178
-39648
-99960
-80749
-76057
29218
62684
-50035
-58334
63884
96904
-40071
69422
80208
5038
-35368
33029
13263
87952
7978
68837
-30144
62838
-56217
-63341
-50058
-96965
-91433
51858
93581
-33424
-40116
-32877
43506
-14234
92012
-9853
-97019
-31331
-64048
35327
68557
90938
89275
-55515
-12273
12256
65801
80470
77822
88953
84385
-52828
65993
22661
-32854
-72507
53876
85381
25078
38317
-12450
-32322
30570
85751
21101
-97719
85838
95697
-4625
18062
-84006
-96957
23043
-35148
-72510
92143
-21463
13358
32100
-22668
-48338
69100
-86366
-51640
24654
-47712
66268
34971
91862
-76639
47236
-73465
19945
33192
-24593
-44736
-79064
-37433
-24486
-14311
-28433
65959
-3623
15303
55936
10464
-61833
13806
79722
60835
-96468
-60714
-26409
-66414
-5382
47289
-85890
-87046
-50232
-89085
-1925
81304
-13937
-92455
99636
56309
71505
-90376
-51994
-94007
-30171
-6091
27071
74047
77460
43710
1663
11781
38330
56007
-28621
21720
93268
-96908
20611
-82509
46560
-15485
-83707
46590
-22218
-98653
80689
43703
84856
94411
-74605
56674
-71455
71069
61788
-33072
36863
82451
58434
-67596
-33370
17457
-62511
48902
30238
56290
53664
-53473
2767
99554
-95866
-42136
-78931
58628
-2758
89360
69833
23798
20968
-71389
54004
-47952
89820
22179
91554
-18945
82398
54760
19442
-64153
54252
50081
-72046
-67975
69885
69151
-35723
31993
59894
-93882
12713
-84026
-69587
-31516
-87895
44180
33075
-42453
43917
15352
-83279
-88937
-74487
11423
67047
-2863
22110
82821
51253
-68589
-38312
-66692
-13411
-41849
4486
7907
26466
-36749
26438
61537
58309
-67852
31693
70485
26414
-73478
-42708
-21950
75226
55580
-53787
3585
44570
-39731
-18352
12307
-31329
85280
-70879
-11958
-34375
-44426
5128
98130
-10290
51633
-31952
-30629
-37007
43705
-39647
86823
-76200
61153
-60475
-85252
50143
70229
-18336
43202
-64541
-80593
27067
-83574
-99512
-61583
69838
-98298
-87103
94205
-74775
-37839
73220
14372
-47830
-90209
67862
13061
62703
78024
-46855
99343
30962
-23937
-10911
71778
90076
41792
-6543
-19286
-44596
-20285
87489
-58846
34382
49476
-51430
52832
62625
50715
22183
-20156
15775
-22873
42340
-87983
82842
61471
25720
-36831
-83091
62067
99735
5166
59910
-52803
86388
-74550
22812
-76408
44617
-19283
-83202
-94110
-27398
-99042
72243
68028
-37695
-9604
-86749
-46356
29281
37808
-45373
59092
-77410
86354
39123
98945
-1188
-84818
-84200
4454
-5147
94092
38068
13299
-29203
-13998
-25638
-19970
-77171
-6165
16135
98488
32870
-60228
-99298
-76438
34938
67
-44105
18312
-31250
-35327
-15666
31829
-54053
-53168
93033
-10057
-41874
-80032
42286
54635
57741
-79282
-96204
-30374
-51440
47022
62588
12280
-95096
-10498
10067
-54708
-95147
42063
52832
2575
36609
77608
14867
-77421
90719
47976
5677
27137
-98561
-71107
2899
30997
-93220
-69377
54842
-96021
42211
-31150
4324
-90637
-54611
61783
54139
-92149
-32399
-76525
-59165
90524
-14081
-68722
97173
-65446
95287
-72002
43953
8771
-8291
35095
81312
68389
77993
87844
-17148
-30498
-95516
-67870
-24941
-36995
92046
-74172
78480
36332
-52359
-1873
40779
75906
68823
-84920
20165
36654
21629
36301
21963
57696
-14414
-98301
68388
72328
-51413
-50062
92406
-74634
27814
85858
-73879
-68974
22107
-5108
-79383
-95214
99354
-87916
-95964
37103
-68271
88323
96920
-13713
67643
85207
-95180
-21915
30215
-40306
-40220
-71516
-91969
-74491
89694
5375
-40105
2727
-23359
-8271
61146
-58069
-9061
-60583
-7638
19437
-31237
-66476
-28843
-717
82072
-60881
32755
-71394
48992
-86074
-21039
56126
-8027
-9552
-18750
44632
-78951
75199
660
-21201
30791
15417
29127
32210
8746
80943
55046
98368
-84442
87239
-96481
85740
65584
-65479
-71268
69642
27740
15151
24939
-95634
99061
63486
-32021
-35083
-85028
-53811
-7014
23576
7623
55401
-39355
92787
-15589
72835
11088
95883
76253
-45996
94573
-51650
-1796
-90986
51964
78352
39544
54144
7512
-52403
32052
-88882
-44066
-82761
-47767
11208
30356
-13183
-27292
-84987
-62257
2137
64983
19705
-80002
47391
51852
-26325
91639
20538
48407
84750
90248
85764
-91110
-24101
71614
-57062
18877
-17381
44843
27973
-32769
-12563
-54458
-74599
-27781
12141
93736
-82321
-16634
65718
2245
-70422
-38799
48530
-655
-62598
-99678
77600
58409
60291
60701
63923
-88635
-41714
-31305
41840
-7618
-88498
-65636
-15093
81322
-19187
18606
88913
93569
68298
84956
-22595
-68963
-86587
-27228
-23740
-30408
-80657
77501
80554
-49815
-58181
11492
-33483
86977
65940
98930
-87480
9688
78911
-18543
-68981
-49012
92459
44564
-32519
58686
-63568
43507
11207
-24913
-80228
94417
3862
6345
-97143
-15247
-64428
26000
29764
91854
72490
37808
-26229
-28717
-56288
51536
-41677
84561
26856
-27358
-40846
32788
-95338
14793
-54128
90215
93351
-17683
28105
80010
-29956
-111
66468
5363
43868
-48218
-74653
20395
-68159
91680
14892
-21417
-40002
96107
41823
-80552
-33229
-18135
27520
-11299
-33422
-43899
58234
38559
81305
94276
-40690
61400
-36368
-83791
58028
-76385
30966
-63380
73425
75778
-16178
88789
83205
95170
-8510
-92604
45163
-33943
-73392
-44768
45977
16144
368
-27802
-58796
14299
53445
13574
4688
70892
1301
32212
83140
91102
-42482
-16504
-79744
85558
-38886
34361
-18332
-37992
-5328
-12607
-19630
74557
-29886
29468
22837
-22977
14226
41179
97736
-16950
-48125
-45629
97642
-58604
-88359
21186
51019
89260
-95665
55806
-99004
-84971
-86031
62538
-48142
-88884
-67956
51394
41789
88479
60319
2947
43237
2
-84237
-80715
-34986
81256
-48269
31199
33673
7218
-90887
28249
-16498
63068
27636
29237
-79798
41506
-58672
-86547
-87382
-72726
32464
13028
-89142
52133
10629
-69249
-758
-52096
16995
34363
-85638
13600
95597
-26758
-82373
-97382
-87801
5117
-94221
-31122
-39075
94082
36634
-39410
-21260
73249
94065
-60784
-48880
5932
-97850
-7002
24797
21080
-97338
-13046
22462
12271
36675
52587
48120
-54697
50353
-1026
-49918
-89545
85746
71915
41574
-54937
72716
-24224
-34746
18119
8107
-37825
-54414
84352
6050
-72446
7442
7800
35181
-9930
22353
27889
36299
3559
9064
14052
10126
-93577
84463
-28433
-35673
11052
82541
48146
46632
-56928
-82337
-11175
-50734
75463
-14032
-60027
39030
99942
-38693
17981
56832
-97720
64645
52591
-69492
-8345
59315
89956
-39810
70249
62235
49073
30990
-44010
-41039
70175
-3658
83045
53817
-32262
29893
98300
13810
72906
-73951
-77134
-59060
-85114
1877
89764
5013
-96638
-54989
-22582
77971
63349
2317
-56435
-99247
86508
-94314
-52532
69698
-63716
-33385
70130
-37796
-8058
-50714
-83839
-33109
-51611
42751
-27240
28414
93090
47474
-13620
-87055
75641
-7538
-27948
19468
20846
-55858
-50347
24243
42028
52207
94851
-11661
36893
36896
-28992
89061
4749
-98569
-57018
-16762
97520
17567
-43378
81765
-28145
-67318
-10656
26062
-63839
-79951
84610
-41329
25097
-7934
-98796
-94732
85281
57481
-9595
-48363
61569
-91593
-86023
11131
83683
14552
82943
-9968
74740
33566
35517
-27679
-57936
81159
-30182
61360
-99267
-19527
-39737
71480
52919
15593
64374
-72048
43533
-89775
8319
78746
-47850
52554
72587
92922
11708
-31695
-28323
-77974
88580
65690
50619
36419
86397
11246
57418
-92583
-40142
33866
62887
63398
-74028
-68432
-69466
56114
-33741
69370
-25254
-60921
-89166
-29150
-35867
70949
56774
22314
90977
29820
68068
-33021
56290
-1298
95904
-37224
6459
28358
-87932
70023
-99071
-14896
-80215
-76689
-44706
68027
-18730
-79445
25413
7138
-4016
-58061
84959
-11912
43371
-92001
-34150
3219
81749
16441
95625
-88148
-73287
-76425
-21897
-8528
-71598
-10381
99022
66015
-26489
70533
54469
-44662
-66605
-60857
-44809
-83358
-52085
-66416
-8098
88959
15918
-94686
-2434
4070
-61406
954
69795
26709
49142
20640
36426
79402
-28256
38539
-58439
33503
22562
10841
13872
-91862
-85562
-95577
-16024
6688
-95252
-60212
-92666
39823
86544
-70426
-25393
72681
46132
71737
-76970
-32666
-96218
34145
80488
-48728
-62567
65879
36565
84831
-96692
66845
-96935
-84285
-87230
730
45257
-45531
-3770
49563
-67330
-55807
-46521
-34516
8734
-2904
26065
43381
27710
1092
-89394
71428
75872
76000
46736
-37593
15863
-40957
76814
-23072
-60326
21254
85398
-67409
48619
-36770
-89768
-78407
76491
-16536
49304
-41294
-46937
60257
-24464
56224
-50529
-20908
-94930
78972
66921
47404
48697
5583
-31601
85423
-59223
84558
-33248
-90237
79096
-52097
67197
-61411
-48340
47654
-69302
-15419
18805
-61979
-53197
-61588
71598
-32445
56344
11917
8979
52022
-87088
38547
7237
-41191
51072
17937
12639
1979
-74891
-20424
-37680
3789
72763
-20612
-76832
-90673
89097
88730
-27661
-10987
-21371
-5078
5269
-34696
89377
74507
-1893
36026
-26524
-13869
-72743
-1125
-90693
-62436
83665
97313
-62828
43044
-24560
-52914
57475
24813
54901
-93734
-41425
-50118
53461
-21876
65366
23861
-68648
-90545
9788
-21430
-38191
-14648
-54718
-98490
16307
-68354
-94877
79216
23075
36678
-94585
-39464
60043
-54874
83136
-95743
-27478
7978
-27730
7778
-67416
-39800
-57560
-96649
-88497
-67444
-39155
-83811
52701
-3562
43016
-87654
51457
95423
-71907
12948
95017
-56587
-69847
18745
54560
-88433
60456
79922
734
-48420
46316
19622
25527
36067
4905
24772
-86897
-7267
-97155
79390
-94061
20877
-75543
31494
-46281
95024
-14750
80668
66580
19548
9772
32793
24311
-36962
-66211
-95845
-46659
-68167
-61188
-90998
-20156
44721
70454
-20154
-31528
-27824
-25099
-20184
-27137
74680
20980
-583
35526
-18336
59331
-52895
-52748
57980
-37016
-78898
-73214
68272
-17560
81425
72037
19591
98239
-90339
99708
55276
-52595
71980
-16596
52956
79336
-24435
-10795
46806
-94871
-97873
-84356
-15660
32442
26814
-36689
-33259
-1433
28205
89047
-35623
-4062
12756
81853
9847
7801
-84987
-93234
-75759
-40719
12500
-45653
-93464
-76410
93340
-64997
32176
50220
-99655
-74944
12945
65334
-90411
53588
-50022
24940
54037
-75482
76325
80211
-58898
-34340
84812
-25101
-78756
79426
39631
83712
-61680
57936
-36785
2317
-57720
-78310
-3165
-99784
-49566
37944
-65462
81401
-66618
-43050
-9982
11552
77211
-96483
52889
79934
-36139
50144
-52606
-53466
52865
-84489
49313
67422
-11146
-65906
-60242
-53161
-87913
44466
14688
94987
-6864
-30440
20814
-55175
99052
-40913
-6889
82809
-62013
59000
-13221
-91781
-43907
-18926
89524
6717
-31656
-51063
32191
35811
-58975
18544
4561
3291
22024
83586
10103
86963
-92434
45116
-11071
-42429
62062
61270
39250
-27424
-50828
69140
1997
20066
-2757
30666
90408
-96314
-92490
18658
92579
-71037
-57977
-80818
4886
28572
-82092
-50229
-67928
88586
20893
89155
33846
-53625
65443
-63754
52120
-35998
-34158
-94725
52104
-82713
-40396
-85171
66678
-30221
-82591
61389
11780
51031
30560
30023
-24532
-27923
-81672
54896
-15648
15598
-43120
60340
91422
72944
96662
-11064
5118
-16543
-48407
-55342
74275
48756
30090
61887
11327
85310
-1229
30299
6781
-68206
-82777
-81231
-31644
67731
46630
86335
-49088
-11586
-54955
-60861
-19417
27493
-45479
72197
-516
15020
19357
51258
-61219
27739
-55039
-81613
75662
14802
-95643
-28409
-46849
7165
41004
-48396
43310
13012
-36492
-24710
-47578
55898
-23584
-56949
-15395
-5209
-87926
-52144
29569
-83193
42029
-87804
-52463
-67794
-32721
19989
-49769
34724
28430
-44895
-8689
-82481
76417
-39123
3707
99167
35411
94739
-79797
30169
92482
-59020
-12868
14850
77774
64742
-80058
-38961
-12974
-74440
90864
10588
-18891
49893
-49370
-43664
-41084
18141
-27610
36177
27324
-14992
84361
-77187
-15453
12859
-21034
73870
72554
-88716
-4549
-51752
63663
-76498
-52698
32482
-10138
7223
-16
32621
73270
-97181
-35696
-29190
13907
64938
49552
45186
-89382
-73323
-78350
59787
-64019
94442
-41018
94370
66021
32317
-89931
56136
13508
-89345
20424
74968
-84275
-54730
-97268
10140
6838
85202
26020
42173
-96460
-62439
-76807
80720
89132
-57482
-53677
96770
-34561
76074
-76173
-98031
-55624
23826
-47075
71234
-49246
-41474
-81122
-20688
1963
-45768
-68116
46895
-96003
-85163
-66054
79483
50006
-53106
-71353
61103
-92144
-20232
-64116
-79422
-26003
-91010
-42834
-71
25071
-92495
-67844
90121
-61979
-3208
51520
-51728
-85744
-8116
-84345
22560
-2118
-41001
-27215
5348
10994
-43464
10048
-12942
-33206
68820
-28830
69853
55771
76953
-80908
43075
82885
71919
-49615
99752
48751
39292
71974
36410
79000
-37278
-87476
84232
5187
-43411
43294
7957
-60260
-63888
-7157
25423
53408
20674
46795
-69139
61217
71830
-67404
-18030
49395
-70892
-94865
-89253
-70060
-95310
73209
98973
-75197
52472
27977
-48180
-74327
-99658
-85
-71820
29231
-12822
23292
76675
-66277
59472
-29194
-79633
81246
82921
11791
81226
2174
-49687
-9286
-80578
-4379
-49237
15341
76616
-42873
-76210
77357
-16572
88463
-2336
32991
-80181
-95197
-15769
38986
-73905
-36209
59067
-13323
-40089
7352
14096
-80059
-55041
-95619
76472
93520
-32218
94569
99060
-10467
-57924
6615
22874
-62170
-81146
-40407
-46248
-90056
35190
-32394
43621
11348
-46485
-79562
60941
-23600
31062
19369
-15842
93332
-93307
32763
23333
-31567
5571
-74699
41230
-50380
-25174
96363
78117
-55825
31029
7457
-34275
-22488
-60317
-33886
-90064
93402
22484
-22726
81229
76880
-60112
59953
56809
-26764
-41884
-88071
98240
62684
-62090
-2379
-89842
43776
-13398
88107
27235
23085
-7668
26655
16866
-88235
80445
62291
-63776
97012
28222
38628
63781
-74752
14354
70194
82284
58831
-95986
-31844
85739
-50750
-66663
-32507
20461
-19492
-94520
-62182
-68269
-61063
87755
66052
-28377
5681
-74689
-30422
-38476
-38132
58351
-33225
27419
-79412
-33514
-47989
-86792
-5189
61303
-71339
-54494
42790
-8219
-23112
58277
-20722
54326
42740
-87933
25212
63996
-75877
-33124
-28047
-10662
-18932
63233
680
85000
-81892
-32147
4924
32602
39259
71146
-57427
-47221
33533
-63831
-76048
-46756
16828
-33426
88913
69124
48152
49925
78245
72664
90219
45601
42776
95456
10993
-75517
30199
43992
-33019
-62364
-92756
-98770
11390
19432
44372
-88498
30629
-34073
11389
92440
-33579
46811
-35509
-45230
-86688
11263
-46582
9456
-41768
-6730
-31367
11681
-62599
17290
-13106
-14971
69561
-91983
-9577
60762
92299
5366
2695
20543
-32457
-10306
-40008
4658
-93800
65792
74439
98663
11741
-66291
75514
86036
39319
-57462
-12543
73895
-76745
-92099
-19528
43768
85427
-24610
16017
14205
8727
86879
60544
-91232
75971
-9076
84449
-95513
-98138
32453
-27230
99172
-65579
15201
61111
68037
53441
-44795
-44451
-89968
6031
19067
-81787
-14760
-26872
-987
74490
-63048
71227
-41602
-28149
8453
18322
88549
66916
98723
93814
-49302
-23961
44643
82611
77965
88072
31709
14413
21087
-40056
-28329
95920
-31195
86172
18173
-51471
-27320
-52171
-35987
16226
-70387
-61478
44698
-89743
92980
-60009
-66670
-82728
86104
13967
-13583
-59758
-12955
-90599
48447
-33716
-86566
-12708
-75013
49096
12409
-57681
-847
87932
-76015
42008
-98027
-67705
-80196
-35971
74626
15591
-47935
-46578
-22521
-29279
87276
-12139
-57363
-13585
-82621
39068
79327
-87271
-74251
63020
52712
78030
57841
-40386
-34795
-81050
-36032
65725
-29513
-37995
-27226
-55317
-1207
69620
59862
51167
47197
48285
-96933
59328
6461
16274
61766
49729
-7233
23884
-48589
28040
-18464
10836
89954
6981
-21971
38623
-13741
-14944
85858
-96351
-25984
-26754
-89780
-59042
85164
29728
-45475
-62707
38627
41187
-11058
-7590
-60916
-32130
-22188
-52952
-37006
-30146
-5008
-86653
15859
60219
-5644
41896
-34503
62818
20707
61740
42980
17680
-9334
-57953
-66814
75757
-61229
-30484
50450
-74193
77220
-53702
37851
-9176
-54673
-75509
41280
-86222
63892
-73830
-25182
72953
-49005
30961
395
9921
46663
-37502
84164
-49300
80205
3107
-68933
91103
-93959
627
-8383
-29678
-58743
-74523
-72539
-33871
86889
-51372
19165
-39239
-12993
-18189
30062
-44594
-69359
13719
-36192
-80770
92145
-32889
-87149
-13289
-81358
68988
26585
-63969
67073
51912
24927
-55368
85671
32567
17065
-66962
-57294
-41098
-42410
-38643
-62809
-66104
-43360
-45509
-28167
12740
-86180
-47818
-87517
-25113
98249
-32622
89094
93960
87354
58364
17776
-19458
31119
54189
-28894
64116
41917
-91193
57663
11729
-48977
86821
-71219
68499
-43501
-21376
12498
31680
-40864
-42016
42138
87731
88623
-3547
-38251
90577
81628
6877
-36143
12318
-69469
79475
-55913
5749
-84372
-92980
-64418
-12920
90915
70268
17618
-57239
93529
69112
7145
90794
-80423
800
-6630
-94936
-28035
61181
86723
-74180
-70116
44456
46183
81784
-72816
-82519
-76528
17092
99785
-56074
-22419
63489
-56360
17354
-44928
-45738
34785
48491
96242
-15202
-23932
-25679
-68010
-6044
-13257
10554
-66868
-71875
97732
-44680
-73554
-44803
-64667
87182
85784
23139
-10716
-27791
65955
46768
95688
-41326
-62979
-62293
95756
-4925
-24464
72213
6451
2256
-42986
53525
-13068
-21405
14510
37142
-32935
-36740
87001
52182
61655
-63133
35780
43225
65146
85824
-77028
30992
41823
37990
-35398
10131
-28377
24358
15644
-17777
25634
31384
-50813
-82603
-93620
-47257
-43169
34222
5999
-39448
-38688
-29520
-61134
-95206
-67971
-18844
68838
77580
9827
-76925
-44632
89347
-2542
-46423
54799
38681
35551
-72264
-10302
52997
48061
58530
-2978
35871
68415
36747
81128
-8836
-69062
595
-80543
-74830
48637
22962
-22508
52408
-43314
69486
-38615
-77918
-77492
-8445
-93749
-91142
-39546
-28960
52469
44948
75593
22993
6795
-65183
-13527
86801
46969
18156
77633
-11483
98566
84588
-42919
70148
85852
-78812
26326
823
86444
56751
60853
-32241
-33592
38413
1819
14466
64999
31390
19354
-83417
99408
59572
-27059
94614
-60326
79841
-80795
79471
96774
66191
21406
97504
-78645
-67187
-43113
-71881
-72559
32463
70690
-42432
80443
-8191
-85335
47265
81988
43089
70994
87684
19944
32182
40303
-10166
82528
-16322
-99734
-60581
24799
-99495
60345
6545
-33140
-43847
-69492
62542
-24118
-35844
-84739
11689
-84391
74972
64190
-42482
-27554
95771
39756
-4725
65254
-22859
61789
-62381
53510
12712
-47091
44465
7022
-51713
-36265
24500
82621
27381
-750
-45775
8721
14162
-70714
-76817
-69745
-3591
36758
-67678
-26871
-98348
-71864
-97017
15863
44081
-67079
57908
-49503
28432
56349
-52362
80299
96150
6418
97200
-39029
-14558
-12234
-52792
76244
30140
15279
-76418
16888
-63415
5218
-16577
46836
-60335
-77251
18211
-55460
67828
19538
-37423
32234
98428
45316
-78718
18523
-2500
46729
-76981
99957
-54569
91777
6341
-43507
70600
-34881
-55775
90461
86661
-54716
-32887
47948
-76396
69396
28244
-51503
78363
67870
-12403
-96075
39543
53454
-89509
76678
81594
-19366
-97655
92870
48394
-85144
51111
-59471
-13098
-42051
-82960
-35447
-39314
-27599
47382
18785
-98097
9595
98047
69919
46745
-40514
-51443
-50141
61579
58114
-90223
49524
61132
99868
15407
-29782
-48592
42247
41965
49910
17839
38076
74135
40634
-74373
52990
-75534
86781
23869
18773
-74674
74361
73192
-19658
67145
36460
52475
-12042
52102
-54629
-71641
5117
45662
-84353
-53219
-3819
-60236
-96261
50650
13121
-82788
38360
-4571
81975
-39842
2
-89823
13817
62746
60510
8253
52111
90455
-65834
62637
-56940
90521
-71664
-25620
42431
60389
-78524
-31217
-54272
-8577
-1715
78901
-64865
-33875
-47600
-41715
23933
35877
-76499
50234
75684
3362
20130
27682
-3031
35054
92252
-4262
-52990
-91137
-73988
14450
69317
63836
-74318
-55383
-12462
75353
-38213
-38001
25574
-11863
81819
90069
-34085
-63839
60445
-3609
33890
-74947
14469
13091
-47882
59283
-11404
85177
44330
38279
59783
-71513
22037
815
48399
59127
-54645
-1700
99735
88728
-57648
89833
-30625
16258
-79720
80686
46804
-12485
94164
-19346
45625
40390
-77719
-12028
-42377
29704
74354
-80279
-79393
-86960
-13700
53662
-73138
50282
42153
90967
-36504
-88867
-94053
39568
64167
-3395
37270
6895
-36754
-81292
-39238
-51336
42880
8969
511
-36109
38021
-1762
-27710
-11069
1779
99505
60152
46089
32307
74745
-24824
69550
-5743
84313
27262
-75452
98111
13190
-41841
-54275
-75101
-79650
7340
-37517
90525
1864
78942
-84130
22646
-38037
-84388
-30464
-62319
76422
38453
49830
-68676
-92945
13891
84242
-21434
-84061
-13762
-96255
-79438
-48967
15119
19551
-57765
-16470
45606
-23707
19664
-84622
-67997
-32414
-19236
-40427
13742
14408
-24403
-7969
-57118
-20186
47836
64395
36321
13086
45837
14659
11161
9804
21426
-55693
93079
-5917
91245
-47801
86255
-79670
74469
3189
32289
70795
-49941
28088
-20238
-28318
-75651
-34925
-18768
19222
46125
-3353
93149
-57651
-95648
-29241
6145
95526
-41635
-88361
-79731
30826
65459
4168
97591
-78531
98538
-63820
42284
-42666
76426
-97110
39163
95550
-54858
18927
-15938
-47875
-81313
-11920
64829
43794
-28466
85428
22524
-68433
-68326
15750
-89454
24560
55627
-85496
24327
-67394
47472
-11388
-48802
-90793
-93592
-99001
98096
52027
-46550
-67825
-46387
-36623
-54808
51038
93382
26816
33740
-82418
36425
-37200
86603
-41582
76764
20928
-11846
-61883
60879
81388
87402
92451
11965
-57145
73064
-82157
-77609
-10095
-90487
-58023
-86631
-28173
86076
31998
-82561
-92931
60896
-79312
-42639
90586
33308
-82755
-83043
-41215
77876
-4466
-87013
-85912
-76288
-5624
-35277
-424
71931
24321
-88839
97916
76594
-47751
99100
42544
40391
-25129
78258
-6712
-19370
-76906
86297
-12785
22879
-43815
24870
-93594
-33129
71390
-27502
-60259
-46837
47078
72226
-77637
99658
11105
69011
-14813
-85061
-54162
58315
-26549
77444
-27368
93563
90074
66389
29370
96761
73861
78497
76719
-925
-16944
76350
82460
87556
63226
-91756
19593
-20860
-74844
61949
-51286
-84736
80851
72673
-76862
38465
-26586
40579
-14134
-77649
-91060
64738
-44610
47243
-66905
81474
-3398
9543
4681
26486
-36251
-18742
-53882
55000
-23826
66569
-12645
20371
-76706
5933
20510
42230
63701
77663
-37669
-92729
-6956
-47836
31095
40928
52203
3050
9206
-52639
-46192
27885
-44716
-18980
-95366
56846
-6488
54344
41726
65063
-41091
-24891
-34541
-6749
-17530
-54853
-58716
5610
73031
44347
-57953
-47043
-94482
-16139
84868
-93322
4535
-57167
-44964
16017
41824
-15768
-55840
-97674
-93472
-26949
45123
58181
-2927
69050
-60528
-32572
21270
43089
56983
-90948
97135
-68938
81435
63032
-67339
88498
-27360
-19762
25049
-75847
7705
3505
-15962
53228
9872
78465
-10398
43526
-69802
35371
-75165
28546
71552
-23862
46238
81364
-94913
-35630
-81106
-16095
-98196
55302
-12077
76692
-78954
-15801
-423
55652
35854
-77314
-83652
-75580
-20945
-59555
-19018
-46043
-32530
2327
1044
28488
-39957
65756
-78971
-4724
-13527
17299
-17034
-82200
63675
56786
72703
-2281
65436
-21915
55860
59285
47730
24241
76638
-32318
-47286
-28914
-50550
69865
77503
95957
-16106
2493
10691
23051
-80869
9564
-2978
-14649
-55678
-16556
42123
58660
-46989
-90856
-652
-96789
-28257
-44861
-31635
-91190
74040
-83281
84215
-98100
-84025
-20186
-61096
-77832
-12554
-3589
27995
-48799
-49284
59886
89654
41795
55901
73902
9679
-417
88101
60825
-11968
-4463
-67769
64854
8491
96821
-71766
-27799
71286
-34380
13465
56590
-19570
64063
-63565
88743
-22562
-53392
-44186
-20588
-35722
73013
6134
51541
71224
-27459
-92394
-28172
59576
30556
-93848
75155
-76471
44132
27753
88792
-58026
1048
-65494
62800
40308
-34144
-21669
-34607
47565
-52501
45801
79059
46621
20071
-67611
24905
21862
-13316
-1174
93582
71547
-41335
72263
73872
49805
82292
-79749
-94800
-67332
47476
43713
4374
18642
-62406
-4942
-58326
-14944
34333
-46600
-43904
-65472
-17148
-6778
-72801
-19087
-32458
15029
-2854
-67092
95047
-3935
-51989
47912
90007
-73607
58442
-80462
86713
-21369
24729
48477
36710
-69129
77932
-24860
2163
-25655
28462
82767
26602
24678
16789
-15392
-66391
-82995
-21059
-62930
26422
-7990
9902
-76507
4252
8141
71517
-89478
34266
82514
-32437
-13119
-40403
6264
-50048
60823
-42853
-49295
68235
27458
93307
-79513
19197
16988
28790
57062
-52453
82669
54060
49964
85845
64412
-63343
51353
-58334
-87226
95546
-91806
-85352
86558
19116
75428
-9778
-8649
-84152
-32525
-69988
-26889
64428
-63174
85136
89998
-30489
36862
-11967
19432
-89303
26149
-4386
-6451
22859
-80884
-7862
23803
-34863
-77106
5391
46532
-86476
-87766
58085
31384
-8434
31261
6902
73009
38812
-2492
-10225
76198
-87915
-97409
-68290
-34213
39294
65502
-33396
-83963
71513
-36204
31353
-28061
-61734
96511
64702
16941
-69954
-55134
-59563
68481
95503
60293
36128
29109
30430
-7608
5987
-64308
-57606
-21141
24020
-12493
24809
25802
89264
-57562
43844
92859
-7016
33722
98912
-80742
-15922
43052
-59616
82475
1414
-88288
1917
20065
8655
-83785
-83433
-97731
-76531
-85501
-13480
52607
-79283
-52335
-43683
4272
96243
84861
-59466
-79086
-54475
-15349
87880
5142
-20736
65833
-84093
97305
-15230
-81603
-42754
10053
91754
-74032
69907
43265
1873
-89909
-85121
81789
-53861
12163
-6526
81910
-96904
-85104
5930
40493
-53233
9964
81353
94104
46946
41798
45403
-40040
64446
-30356
69365
21222
10842
9914
66073
-61414
93385
-40576
30280
84199
12888
4084
-56998
-20223
1148
-22899
-43341
-94094
25827
31826
86322
20934
20857
-38963
-82716
64253
67527
-3896
-47443
46950
-7739
18762
-89718
18003
49498
52068
37973
56360
86087
-65011
96866
50995
-18038
8247
-96855
97372
-83266
-50700
-54361
71528
-49458
-44162
-85293
-60210
27750
8599
-837
-97533
94377
-44488
17058
-84305
-94208
27221
76812
86788
53268
1798
22302
85228
-53040
-78747
79258
93107
54797
-40605
-17458
-87172
18021
41019
52913
-31411
-2804
-40634
-27704
13797
-60540
35228
70016
71577
43061
65104
81477
1688
8592
-64907
-90917
-75164
99589
-32664
23305
83118
-61091
59023
-33862
-47322
-13280
54849
-25020
-94945
-90957
-39492
91971
8694
-72439
-70455
-59488
61035
-40735
62825
81833
-56041
9375
16944
65756
59236
-68415
-11208
71692
55790
-52629
55983
33183
83668
-52543
-16461
34228
-38741
17121
-68758
-83983
-76728
83442
-98445
57760
-84465
-10252
33851
-13404
50419
-51223
51613
-65817
-14468
-17431
-8431
13568
35917
91570
-15634
27352
-35983
19467
93857
81912
61632
-98153
-45058
-57024
-87170
-49971
-63595
47031
32295
71825
42905
14287
93868
6475
6099
69706
-59149
72237
96615
-31999
-48171
54377
38901
-1034
33780
47875
-95782
-43648
-79978
96709
-32049
41830
-37678
24698
68656
-3475
7510
25431
35634
73254
-94400
23825
38442
-94847
-67778
-66548
-33740
-77265
-48871
-8554
-83880
-60209
8369
-43973
3090
-59935
32475
-61094
-18957
9264
70482
-39456
-60309
42085
11116
-8507
-67266
55023
-25759
-80984
54579
-52202
15841
-79063
-42109
24051
-23553
-7545
-66007
-14594
50857
-3173
-68948
-8166
93268
-38028
-4694
60093
-76904
-29321
-21884
-50663
-32272
-10338
-56673
-23480
99173
62089
25120
15859
-28945
11507
-47350
-27363
-13140
-85315
52757
-90145
84994
-2655
25748
89506
42300
23410
17432
-39856
36152
-71673
26232
-59388
18669
-81052
-10692
54011
-35375
-15827
39016
26207
-56827
-29485
29001
61066
38856
-9334
32883
-9624
22063
10547
88923
-37002
44688
8029
-19196
2121
-24715
217
54750
14829
8842
14065
-80021
-55889
-25778
42949
-43938
-6477
-12245
-22611
-60266
-79444
-52660
-59375
51641
-34012
-9386
82282
98875
-32749
-5401
-47085
-31123
-77491
89781
95285
30912
58237
49040
21530
-28151
23616
-43091
-65702
90303
-89123
58761
-58694
-75175
4348
-16715
-83074
-65477
82613
99915
-95469
-88057
-67648
-13673
37788
23075
-21543
65490
-82774
-5546
59556
-39100
87907
84377
28913
-27069
25171
97689
11253
-95048
-33740
-83868
92154
43685
99374
-9543
67230
-48266
45921
81619
-61550
23686
-34130
-91465
-82322
-80248
-13077
-96720
-3049
-26473
-12938
23778
-61690
23450
55100
48872
46379
-25859
40513
14933
1996
70419
-96652
-89327
-83639
3209
56014
60129
-95341
-56604
21375
-92679
-45364
-81653
38629
-28819
46127
-39446
76759
-55266
-20901
13458
42411
8202
-98192
-8778
-90094
30622
46109
76450
32773
14768
-61783
-97401
-52285
-63675
-29873
-57023
-17194
-52632
28822
74498
4895
-34899
-92776
89659
-86491
95958
-33754
-74356
-55243
79839
22532
76166
28657
-54954
-31745
90496
-97771
-43720
34717
62416
-64963
-40613
41737
57379
-34161
-66623
-44510
-14675
1698
90106
21341
37128
80765
27831
76208
-61666
89830
61118
-20902
20246
15423
-51115
13694
-61187
-17589
87023
-15060
23545
81669
82055
-62987
-99638
-62168
31115
39768
-40224
-18431
90135
-51000
83932
-12037
-34074
-71067
-51890
-75301
-92838
-76958
6233
-16960
-5293
45615
-47477
42036
-19063
5759
-13816
98385
25544
15605
-59985
-57182
-17314
77049
55303
15812
30391
-1671
-25157
-80182
76067
78724
48906
57271
39780
-503
-33734
34891
-53334
70043
93263
-6709
-2560
36153
-32159
-37779
-87327
51946
-12768
-52266
10414
-83345
28647
-36362
-40554
9521
-4036
-97840
-41847
-68180
-7534
-67205
-13815
17097
43149
-54067
-654
41662
-7822
-63435
86133
-14281
-45946
52446
-99322
-55748
-92313
-54725
74624
-13673
58316
40525
-17983
50889
-31952
-11467
-39645
92109
-67894
14869
88892
-7723
95306
-49743
-61934
-589
-65033
-78636
-60613
-77002
89589
68731
61250
21702
90687
88513
-90067
35643
-15675
-15833
-85059
11355
-83832
34437
48752
-12331
-43719
63504
-99571
-75275
-34329
-86953
79092
-68762
4580
-30789
65922
64707
11046
87858
-4620
28562
-50525
20684
22122
30199
-50048
-80209
-1517
-78457
-94398
-7185
-78908
-16095
79388
-22605
-53392
4693
11297
-93957
56934
-55771
-98106
-44640
62376
-62595
1800
-29713
-13820
-11027
-39570
38515
-74222
39089
-97273
49859
-53442
43323
36192
15629
32709
62472
-23375
-88449
21392
-24253
8889
4705
26796
53788
-53202
1956
82052
-16898
-94618
5665
62829
26994
-20654
-61545
15173
11101
37255
-23605
-85901
78520
33676
16006
-93858
94100
63382
-79958
53711
-72203
53185
-56687
-56040
-82298
78471
-16413
-2767
-64117
-24391
-84413
-36128
-87621
17665
3404
-2923
86051
27738
-91994
67726
-56837
17721
24808
82432
44584
-47795
11576
47884
-91783
-58561
77738
-45309
79411
-89820
-63460
-28626
-76889
-44201
-94074
-98146
-37931
-7477
-61343
43243
-63783
-53520
52056
-27969
-32692
49877
11402
56625
54334
40757
-3671
-9321
72727
25597
83160
86361
-16939
-87004
-49480
43975
98207
-18195
70149
70817
-7572
-98832
96998
-94655
-7259
-51142
95780
-72645
43406
4293
81474
87308
42006
-29049
-53370
-97109
58778
91441
-2030
-10762
-53821
16450
37320
-21833
30790
-55415
88839
-87607
3584
-72865
84667
-74167
-51541
-22480
-34027
-4856
72949
-64949
70972
-52050
78726
-88490
14289
-62311
-87605
-2575
20576
-5806
92805
-47795
97986
-59855
-26803
-15879
90313
-68439
75666
-71732
-46199
-46750
-48157
-94710
-43554
23763
-22798
-91955
42539
-57219
63027
10721
-47887
-28827
76560
-61571
11529
-73813
90605
78770
64305
92066
-13118
76346
-6165
85995
17042
72087
-50111
-55511
31279
70347
99639
9722
36613
19453
-19376
41316
-79860
22932
17434
61622
-14725
-5853
96993
69466
47483
-57955
54782
28881
-3995
30951
71878
-71392
77628
10996
26933
28870
-22123
-63075
-36155
-40779
-615
-21333
-78421
-44477
814
22949
56263
-97790
96564
7489
14388
89837
-83228
-30013
-91564
-49087
-86835
21968
177
-73868
1729
-79233
-93845
98359
-60604
71040
-48104
-61902
-16242
-13352
-83285
63606
26358
47429
-84721
88874
-19549
-70166
1473
50557
-71715
94643
88616
-49853
-5338
56638
53705
53512
51382
-47648
8150
31826
50447
82437
-42286
57508
-28241
12409
37280
79754
-80264
69607
-60513
77063
-71582
84516
33792
72711
-37947
28875
-20297
-8531
-97976
96283
-27046
-29097
40862
35874
91748
87729
95949
-4937
19529
52379
351
58910
41667
-64453
-93522
-65381
-32114
75209
52265
84647
-65776
-60863
-95169
57634
-93362
37304
-40911
55414
79504
50172
-47089
-94031
8912
37034
55344
-39390
-18201
90613
-11019
-20625
58868
55619
59675
-97826
18571
41176
-88929
-46839
29657
26357
56299
32943
-97466
6310
-24079
-5300
74532
99616
-48895
-29741
26730
-85802
-12313
85825
-57573
-94841
37453
-65804
-44270
-66913
18317
3177
44163
-28449
20384
62994
39487
-8458
47572
-59108
-29217
50597
-22570
50135
90580
76147
35554
2503
59866
-79760
89620
15298
-73053
84706
35903
99367
-2999
76494
-19708
-76798
21817
-65104
34998
-14841
32041
83506
-69292
71615
78446
-23730
7950
-42248
40953
30442
15885
-58638
-48634
-73626
-32870
92903
-52992
-11707
-75053
22805
-50968
-4692
46471
33063
-24964
-36917
6777
-61427
-64423
12111
83460
66688
34960
-59288
-36090
-24900
39479
-1829
54987
-72717
-87441
-34112
-27693
-75231
-41746
61611
-48156
77440
-73128
23253
-92403
-46120
-23092
-60035
79702
67144
-9012
-92716
-4740
-45836
-36019
-88385
86561
36753
39519
-74158
-71294
28769
44939
-49691
-11004
43072
96075
-89626
11872
65549
29965
24957
26690
-32101
-77314
-5740
-72813
-88744
-18418
50130
51395
26902
-69525
57586
85363
54787
42281
-37303
-45482
55359
94962
24632
-50698
43028
-13240
70964
48225
-23398
5109
64669
-70841
-72054
-6331
-48831
18962
8736
-95273
-97793
-48723
97800
31045
-24183
73529
2163
-18051
9789
-89926
-52795
60119
-77160
10904
-22902
-65898
-46156
55893
-93904
42639
36579
12336
-40078
-95397
-23551
42336
-14378
-6303
46860
40067
-25099
6892
89324
-2469
26260
14487
-91784
45142
-78096
95144
-62875
72012
36079
57670
61218
-54981
21214
75041
920
-91574
-49750
-45737
85790
-68986
46018
8785
-14749
94481
44535
13915
-63459
-78357
66389
25759
99532
37248
-7784
-82173
-61242
-91891
91005
-29852
35371
85372
66906
32482
58701
-77030
-48073
-78432
-77578
28846
85445
82303
60748
93117
-26163
89792
16031
85568
-71153
-44166
-28388
-30592
-24717
92846
58935
-23587
-58305
32817
74434
33217
43890
-46281
-66326
-77501
78711
93632
-51661
-90061
78071
-846
3946
92324
16635
98969
65599
59692
8316
24671
21961
21079
-18741
29505
-27569
5330
20780
88187
22640
84850
-86390
30895
-59221
-49947
-25564
-75518
61728
-59358
18684
44077
-75688
-83967
-5286
5726
-20241
23714
-49950
-90833
91368
77115
48230
38060
17171
46972
-21023
-28121
47188
-30611
-35861
54029
39641
88877
6120
12609
18032
-41843
-96916
-29938
-46647
88317
-36521
45933
-83487
17777
39015
-17782
-26221
-97858
96747
99048
-16336
96671
-7507
-7552
84759
28580
68749
60848
87378
-9090
-62423
-53320
-92643
-39693
-79259
46207
27468
-23658
62522
-98072
-82877
73830
-40431
-78657
92531
46812
-68429
25625
34088
-55095
-69323
-23206
87052
-26593
-89255
31540
57923
-30484
12942
86267
4184
31538
26722
-75215
-98203
88699
28574
65001
-94127
-46495
-53993
-90119
34630
-30579
55461
34585
56758
21335
-67694
13477
-97671
23140
15579
56215
-22804
54388
-53627
-4969
-14648
-76398
31371
54894
-85841
1856
-3143
-1725
15863
-23487
-28646
-80975
-54375
93183
52701
-51542
9180
-60595
-60983
50343
81502
58197
89551
12827
22163
50314
59603
22875
-51276
-60496
8082
-61245
-59948
48803
44915
82599
-98520
53046
75030
59551
280
86828
84951
53901
-77858
82333
28677
35839
305
-72232
1239
93906
-6082
-7341
47068
-45237
-76682
73676
-35357
93120
97209
72487
85268
-82632
99486
-26171
95152
-71167
98401
-9634
-28215
15523
71442
51359
25054
17567
-97530
-51159
-21809
-18977
84718
-47220
-30011
-32662
28382
-94265
57501
83180
-35684
23002
-13407
55897
-80047
-90029
51564
-52376
93711
-48769
10497
89012
-55309
-67885
-15846
-40891
33463
-77743
-56642
95607
-85148
53667
58017
90382
-73555
77047
63658
35339
98649
65831
-64417
-84996
74653
16598
26737
86653
-28215
93551
-89214
-93651
-23289
20123
-66742
-81734
61475
-58177
31684
-60749
9295
52821
-49162
-32932
26185
23730
-39730
54030
90631
60136
69467
-77152
-77483
-41573
-48713
-26070
64996
-52610
-28783
-38766
31202
-49955
-72685
45553
-9623
92245
18262
36337
49749
85440
-64040
763
-30651
-40358
28528
-48453
-30119
73751
54403
10318
-44966
8645
-21210
95220
-63091
42244
-57275
51521
82585
95514
-53149
65001
-35144
-53155
-70703
-37605
56960
-68197
-56935
17844
-38497
-75001
82312
-78859
-87811
-5623
-4749
-76191
67567
40914
96707
-74241
-98068
48054
3783
-81388
77837
-66227
-27296
62144
40782
76886
-61328
1886
96548
-87760
-29419
-56986
-84512
87679
-87286
91285
40283
-18318
87054
-91352
-55199
-76929
-12353
62437
-45287
35951
-59683
-38499
86805
-45503
84037
-55802
62830
-86897
13061
34141
-54090
-78957
-27342
17192
31299
60752
14728
21437
-79566
56781
18778
-6681
-41239
-70889
37312
22876
3167
50345
78342
78463
28758
-33969
-59132
83914
-89412
-12588
-19145
90440
-15899
68403
-93349
-90933
-76021
91222
24101
-13341
62722
-15343
-47893
-4118
63827
24937
32021
96836
-25018
-25463
68170
16903
30018
21125
-22457
-43091
-16529
-80998
980
-92340
57326
-33784
83398
65162
27629
-72893
-24252
-54898
35676
64776
66188
-14145
3871
-15940
75587
-57335
77045
88626
-99842
35106
34491
-1743
-90323
50159
-541
-63242
-84884
45999
-35274
67658
43433
-90648
-25245
22995
80770
86599
70026
-57502
-41454
-56204
26474
-40619
22888
65000
33403
-70427
-49979
31575
-41555
55451
39501
64255
-94475
78067
-48497
-45835
10090
28276
75952
-45293
36965
4252
-99418
-7
-80107
11715
-99914
82307
50420
9598
-77782
-68149
-13370
-33879
-87683
28536
-59631
-20066
-76410
17036
-65990
68466
-52317
58642
-42994
-40611
9648
-29400
28207
46284
8369
-2783
77606
18111
-26954
10794
-12774
86285
89777
35243
58618
98265
68766
56408
-17651
-12809
-68100
-6181
99004
85696
-76484
-15948
58421
-6602
83931
-21578
56731
-71876
-60788
26659
-22441
5775
79661
-61676
-97115
58224
-18874
-42659
98875
-95348
67398
75654
37307
-48641
-47773
-39940
6268
85267
73248
-64910
-92416
79181
-72030
98282
93392
-34987
41912
83563
-21810
51440
-37797
73992
-77242
-65492
67361
16596
-92641
12397
-34985
-51186
14584
44610
-66090
-3869
-53021
-82925
-77605
-41534
-54187
940
47013
21894
-36749
7730
96027
39414
11353
-76902
-45521
892
85868
78190
11043
-56614
28370
-8357
-41511
-39442
-74180
-88493
8554
-62890
12128
54859
-48083
37901
46728
33646
71645
54151
-48035
40597
-37639
-8911
-15496
-37455
-83646
99283
19125
26458
27497
-46181
-50052
-80547
-87203
-22930
93651
-33715
53280
19531
-48500
49000
-17449
83854
67520
-89452
28171
-8910
-75094
-583
40878
-55652
-48064
16598
-33311
-10239
-991
-92693
42211
-33795
71083
-33273
-67392
-5432
-80423
74557
-96788
23883
26169
58319
17112
12911
-18660
48849
98325
61600
-79107
101
56352
-89105
18290
4554
-7077
29287
-4524
89263
2705
-20590
-38777
61205
6317
97401
-98980
27358
36280
40553
-8132
-5533
-62372
-35633
-5650
33378
-73054
44050
5169
23023
-7337
-94524
-9237
91037
69156
-60595
30658
74124
-12123
4568
26138
1060
16030
56776
23275
-68279
12204
69116
-24806
-12627
-81996
94264
24195
7014
53440
11651
19312
-51775
47422
77806
-81437
23287
-1706
-58854
-34881
5620
72097
-73034
63315
52854
-69138
-20199
-95369
22375
55447
22512
26917
83388
-22000
-63280
-86833
-57384
-21141
10373
-40722
-64976
-79373
-76703
271
75843
81419
-22899
90925
65167
47765
86559
-9979
-2667
83241
99316
-87201
-63429
55479
84171
-61312
69730
-89622
-2523
72324
32383
-41131
29319
-36478
-2033
98575
89651
58777
5052
43894
-8080
23607
13225
50053
42665
-37047
56098
-82602
30582
-74883
72742
-52950
-7189
-4811
11978
61927
6740
-40906
-33971
-55843
28593
-41394
26246
18407
77079
47360
17403
-91329
-23430
-72027
-96459
84483
-92828
-95640
-77897
-59744
-27303
83895
70236
-42565
49146
93492
-12840
90174
92807
-76469
-33792
-47709
-84279
66380
97720
90855
-29462
74631
10123
31288
58303
-31146
-65387
-56404
74339
77656
88869
71867
36869
-44343
-58676
95463
33161
-99930
51348
70491
51011
-9070
12098
83377
64561
-17999
30663
31734
-51708
-42852
6347
79080
75482
-30464
70244
40366
17311
19955
76308
2937
-77413
-83819
32799
51041
-80343
-72122
-92111
56511
-37128
60600
2515
-33049
-70772
-4624
-49963
-63882
-76280
-54149
5516
46135
-67573
56736
62686
-30970
5578
37788
-91894
-30540
18554
-90251
28229
34361
51830
24271
-58009
40727
38474
-40475
-25892
-96400
-24286
-19896
-80442
59341
3693
21126
-96611
-11730
14862
-49201
-79521
-92513
-30861
82357
22431
64829
-5165
-70951
10926
78262
8887
-24951
-64197
-28517
99411
-85087
24098
-30382
-86005
-75966
82187
-5079
82182
-35862
56129
-13354
12312
6377
25235
-13422
94194
-5984
71036
17857
30416
-77163
-47962
-57281
91444
-58361
85833
-43056
16193
11297
-47490
69345
53079
-57908
-11518
-17673
39607
82160
-64345
23372
36880
-53456
-55397
66862
27832
42086
-83747
21956
20981
15356
-37601
-57306
43283
-53154
62290
25338
95049
-26634
94307
70680
-21876
99671
74810
-5130
14825
63764
-9721
-13743
-45543
74586
-89446
47446
-39671
-67544
-3295
59215
63737
-99477
-6185
-91380
49849
-92442
46879
-91956
52973
-22441
-43930
6985
51812
-86392
35306
61570
-72888
-30926
83221
87752
-61940
6300
27665
95316
10712
82837
58613
-13890
-79319
-34117
-27208
-56468
70229
-97222
-56968
48824
-26948
-68416
-18576
-90139
16620
-81991
28186
67638
63959
-6877
-27353
-80094
10269
-58950
54723
23055
-70254
83939
38298
81453
-35536
-73567
73453
-15996
-82550
-36622
-52925
88770
49597
-93511
68049
42897
-17015
-54463
-56371
81185
2581
-7234
87704
-81566
-95302
38718
-69467
-15100
8372
16645
31665
-4899
-1584
88719
61731
-64756
54522
-74947
-2978
4022
5429
16091
93978
3026
-77718
83009
-10799
-34243
37591
-13942
-82140
8587
-89480
-48287
74933
-67268
97681
96816
66658
99340
-25473
-39171
78785
58531
-15319
-78126
-87748
52127
-80165
66493
-65950
-25065
-36716
66047
-90917
-68369
17888
-18841
-61735
-84004
-1124
42530
-22083
-89853
-11409
-6753
40308
-25796
-29128
27749
66974
-6706
22431
-17773
-35678
-81916
-18371
24300
-28900
75881
22606
-2039
35690
-53664
-15863
-71426
11336
-67652
-18421
-5783
-20681
39176
-9802
-29998
-58750
-41881
-65466
-40862
32444
-17718
29543
38772
-93760
11502
-60740
14300
69107
-69069
3424
-46678
73881
68044
40304
97233
-35620
-17246
-12327
40852
6436
76402
89019
45935
-28035
-87147
-66632
-40744
-15270
81457
6973
-30035
-25354
43004
-97663
47037
62273
-11914
52031
-18699
-29221
6801
99504
-31629
78405
48684
57288
70836
17832
58405
47005
65785
45773
38196
55447
-9673
47820
-65618
-20969
-84579
83469
90693
-79322
-7191
36808
-35864
34014
65439
-4246
-41193
-43950
-27267
-69167
95474
44675
43206
33586
67086
-62024
89566
69806
-92484
11507
3802
-83695
90394
63012
64865
78361
-54667
-8517
78071
88902
-13423
-12360
-29168
12856
-82039
69607
-84197
-39195
75725
93136
-91533
-23544
-74081
-44367
-34336
-43285
-31052
27829
-7792
-69412
53085
64413
-93077
-98512
45415
-79044
-70296
18824
-57604
56077
2026
61763
91009
31374
69186
20246
-59201
76420
1579
45047
-74047
-52674
-39346
-21167
11172
3555
-1457
93922
-4096
90320
-26516
-34095
-25861
48339
-44983
-31020
96041
-28910
66619
64184
-97647
49035
63105
-4908
44210
32395
22070
-12203
3764
83481
2293
-64275
-62350
39603
51170
46073
-56655
59783
-62292
-96159
-24791
-1642
1691
-97200
-40290
7794
41140
-81100
-85542
56946
59153
-15768
-17056
-77245
75643
-29196
91284
846
15904
78460
45703
-6484
-31541
13248
85242
-88551
43182
78810
-82887
-65073
88921
11522
-98320
-78013
16761
-95564
-24539
99229
-82339
27800
-86862
1452
4426
-88253
57877
-8586
17899
26142
-61176
-91427
74298
-79102
-20910
-2323
-87168
1577
79561
-68954
25832
15002
89898
-97209
-29486
-87552
36504
82440
-1570
-83505
-14178
5055
-2191
-37826
-86027
-45055
-29663
-37480
-59227
-92697
98543
51016
-94935
75996
-71001
79505
62297
-25314
-54006
-6457
71620
-39690
-80497
2561
-41712
55364
-9114
49460
-26829
-43536
70096
-93172
47298
-49388
-6565
-78952
-15203
-59746
-56607
60191
-4833
81687
37198
45906
2446
-65167
75809
-26080
-78987
-15762
58505
-82770
-9420
-14569
10372
6546
95754
-21319
-34452
-91727
48647
-16467
-553
11929
85568
-19886
-88672
97342
1110
88840
-17579
34131
86432
-76749
-86822
-72694
202
-12645
-16505
13937
-68576
-32811
-32826
51036
-73929
15354
7437
-11897
-26571
47601
92071
31213
-63500
17011
71365
58305
44318
-3143
73837
7988
-56051
-733
87722
-30101
73143
13002
-3130
-47318
-22714
-50605
-64317
33549
87125
-18843
10685
3534
-88964
-21213
-79603
39589
44590
58737
26089
47048
-11713
88311
-28371
60638
85118
-84082
89702
72105
-60584
67273
-91515
-39798
-46767
32222
-6778
-22367
-86413
77624
15003
-60470
70789
-39054
-56533
11641
90981
-25720
-7071
-62625
-21654
-36100
-99872
-2812
-55349
93
63022
36568
-59653
35795
45770
95057
60038
-10537
-70972
-75378
-1791
91165
-38509
-31760
79563
-38335
23964
-89712
-72061
-79464
62064
76788
-79546
-8312
61281
40003
10798
-51015
-44544
51000
25664
-26432
35951
75261
-51521
67571
-90491
64747
-49753
-33162
-51582
34209
44787
39249
-9782
-24037
-95665
-59772
-42684
35505
-3521
-25549
37972
59600
-78356
39732
-72755
-51288
48029
92862
-87516
78336
-11927
13288
-33383
-58294
68126
-65757
-24821
-61472
-19799
-31695
7012
2419
-47282
-96018
72891
9744
44202
13109
78973
-13728
-30292
-80737
-70179
-75243
-85044
-62937
63416
-26977
85288
-283
29824
-97275
-29552
-46214
-42236
-18434
82996
-40785
-94446
30210
64724
66568
-39965
86516
75481
-6112
-16815
-49895
3545
92021
-13340
99012
-44231
23459
-41654
-97684
64490
-55863
-62810
-7529
64651
-18229
20709
-6152
-17873
80318
-21917
20815
-20838
-27167
31022
-59432
-84465
-2544
-55972
-27015
-16008
28698
27330
45145
82230
-28242
-99361
-70977
26552
-90515
-83874
-69511
92776
51242
92018
32029
-43550
61012
-89653
28787
-81884
46164
42503
77392
67959
90935
50657
57356
91560
-87750
42794
-8462
23201
24718
7257
41834
-20030
32951
-34478
72104
-16805
-79616
-49935
1504
-47015
71742
36301
-73200
-34137
-76671
-83772
2508
46453
-90344
-20664
19384
-48767
3542
4425
44935
85996
47273
-70731
-359
-29880
-49919
76639
65927
-81534
79060
-16923
-4994
-43169
-22484
71987
48939
-1545
-26089
-27461
-47171
43770
-47906
19668
92962
-25937
-19457
72593
10788
-93929
67498
20002
34735
-51120
54928
66623
37031
88277
55800
-57081
41402
5175
-91704
61114
33692
72087
30150
15845
-77743
-8993
-43272
25373
-91992
85488
95684
-44038
-24872
27026
-99263
-71744
83277
45870
68491
19421
-25320
-12209
53530
-54189
45296
-25731
-73492
-24170
-46622
20682
-62081
-8479
-27709
-19962
-8315
51749
-62587
-11814
-43661
-97821
51029
89426
-15162
20538
4421
61870
-8012
68421
-8726
-27806
-32593
7628
90835
-67107
-64054
47867
-68372
62166
55459
-61176
-74594
-88664
78955
16001
96532
-78523
6538
-84078
-6060
-18145
80864
29474
81880
-69693
87335
2317
19324
38445
-82001
-19494
97576
95766
-41116
-76506
-79469
-72646
95984
-39356
-95659
-41599
5296
43482
-49037
28603
69781
-39950
-34661
78441
-50342
-61115
89024
36992
51037
81317
-86361
21771
10107
41744
53152
-4981
28353
69958
77369
-87174
41921
-37266
38547
6514
-42606
-78109
61526
94502
16807
13272
-22404
32937
40463
42938
-4852
66588
-45558
-69093
9760
28395
-54699
31917
-19858
-87859
17243
14019
43684
-3003
-16458
-82919
-50302
-88463
31483
-48353
56934
-97340
