-293
814
71
-698
240
498
795
-195
-944
203
-972
-112
546
116
919
-770
-864
522
976
-389
787
-119
817
552
870
-933
-419
-943
-331
920
-579
217
-500
-185
-891
-465
559
680
948
413
-207
-581
353
-519
92
870
-172
334
645
-722
-283
288
466
258
-563
952
-115
883
540
422
781
-431
-231
-805
-434
-780
521
917
-372
-724
216
665
-486
503
-593
-983
899
326
824
498
-557
-835
-866
210
10
-17
-71
-510
-562
683
-111
-512
-125
478
649
425
-619
488
474
879
-52
-155
-878
-228
-405
-960
669
-582
-930
395
994
-867
-370
382
-711
442
-471
-650
-634
770
-521
99
747
-104
922
-633
723
478
-360
847
-794
808
-356
625
-811
-394
16
623
-601
551
564
-69
436
-356
-851
-529
804
498
782
962
-894
982
-47
-539
932
-118
-671
411
624
933
347
-342
336
43
798
-482
-333
849
451
355
418
-113
173
820
395
-6
-20
393
909
591
873
-923
-294
982
139
535
-148
645
533
866
-440
321
142
-91
566
294
-122
929
-991
568
-167
-864
-594
-398
559
763
933
883
-145
-351
661
-581
-779
-607
55
713
-695
-458
-88
121
-331
910
904
-247
-513
337
937
-247
-383
483
451
365
-957
384
23
-478
-445
723
733
644
465
720
864
-766
-229
-998
-605
750
168
197
-41
492
-233
264
-698
-260
-84
-342
25
276
161
-485
832
-625
69
938
792
280
635
77
2
-520
999
766
-359
894
206
398
251
-759
316
835
123
-981
-357
-282
-915
252
-580
933
-388
506
457
-982
95
392
-288
931
630
370
-496
-952
-297
-857
-905
986
600
-334
-415
-791
-667
-550
-995
748
678
336
-104
66
-588
849
-624
-138
-81
-112
-327
-761
-26
-643
-704
-528
500
-863
-468
724
-515
-76
-666
212
522
681
461
-870
-928
472
-843
-544
466
-761
-39
739
-137
189
723
329
-318
367
-603
337
842
-384
-168
130
-253
-90
721
430
-702
-882
-194
-502
825
-557
228
-931
600
897
-502
-799
33
-972
-682
-239
936
-985
-988
581
1
527
745
-9
2
-623
-359
-810
8
-636
-153
-172
849
-62
-188
-374
595
712
-390
194
917
-26
-694
895
-641
494
216
474
455
134
-310
404
937
677
-801
-926
-552
-190
615
-605
683
164
642
-266
-9
-317
-990
318
-213
-64
423
-30
130
236
-639
61
8
315
965
877
266
-224
-307
-673
923
894
-9
292
-808
976
-41
-783
0
287
357
903
208
-114
114
-517
-304
-808
334
199
-729
675
-444
-971
671
37
-301
176
-686
613
-914
-833
348
18
-818
171
515
958
-579
-186
320
-824
-860
-39
-524
476
-11
-645
-40
0
-602
877
531
109
-945
375
-32
-313
-970
-798
-157
525
959
950
-301
-5
-762
281
842
-938
-852
-124
-526
-965
11
418
622
-152
-588
-765
568
261
-124
597
534
-342
927
-314
-742
749
-442
-405
-498
-713
-595
66
291
-314
-463
-645
286
98
-846
-70
-531
728
-288
-773
394
-101
503
70
-187
-316
566
895
688
288
-966
-832
924
522
406
897
-457
-562
228
-31
345
90
-660
-583
-391
-14
-135
236
133
-421
150
-439
423
-102
-594
-407
232
-722
401
17
995
-232
956
766
136
164
812
-134
-195
112
-586
987
-169
245
-695
532
-513
-711
-720
-456
-450
577
-577
729
-260
-576
946
95
213
-324
-748
426
254
866
786
354
319
-322
460
-294
-81
-735
56
-384
746
-210
-729
240
376
-841
-618
132
810
-484
975
-798
-244
-344
-281
834
-309
-299
-4
158
206
-618
582
-927
885
-614
-801
-525
286
36
-793
416
781
-847
-626
479
-647
557
697
431
86
551
-358
-913
-326
6
-256
763
-374
-636
548
574
-813
497
226
-304
76
-853
900
952
920
-475
-479
-885
374
126
-817
48
858
-878
-300
434
-88
575
-567
-368
-172
-487
-854
632
-62
626
-945
-751
623
-239
911
409
-91
354
365
-53
269
-146
-955
-24
-294
-865
415
-481
4
-427
-506
-398
-921
-358
-151
-129
-772
660
789
-823
-16
-446
252
302
691
-872
-208
-583
710
580
-57
588
-287
62
295
33
215
589
-518
-972
-720
91
-900
-918
952
96
-370
-989
564
430
-476
402
461
-675
-21
365
62
-619
-895
-110
-870
-808
-36
-915
-271
699
-522
634
996
-528
-425
-185
146
890
406
757
-819
163
866
472
-937
-286
-85
-856
280
788
860
678
922
889
-153
-454
-648
-851
760
30
307
965
166
97
-318
-846
-720
-825
-293
807
-438
265
-357
948
-676
-59
-130
239
-24
-834
-167
559
-297
16
-491
-596
-883
-710
90
-585
500
702
-863
718
203
-309
351
-539
770
168
-285
-92
-312
436
-199
39
-137
-289
989
-468
-230
-641
123
629
18
-348
-449
531
533
-749
402
-415
-43
656
225
-751
638
-90
-587
449
-750
-69
328
842
63
625
272
-354
-862
-572
-937
-882
662
821
841
547
791
202
-414
-278
755
-721
-218
-642
-981
795
-364
273
594
-868
514
813
241
-470
-174
-997
598
-79
-821
616
-91
-893
22
324
-903
-193
975
934
-463
184
359
401
-31
896
-278
-629
388
-879
895
-193
-270
-565
-980
-615
-313
866
63
331
-361
675
-822
284
603
848
-381
861
505
-19
31
290
186
761
491
112
-960
198
-259
-514
-160
-906
42
690
-410
-720
689
139
-11
-934
-699
778
101
762
-662
-424
162
909
18
748
-551
-436
752
-612
-610
-583
643
882
-753
408
-372
-600
93
-690
648
-66
779
531
438
903
-121
-557
-728
236
871
-633
834
694
115
778
-676
224
-946
343
-357
552
-826
-749
-403
456
803
189
-952
-720
-306
-833
-317
222
835
433
-875
-253
839
44
681
-317
-136
232
130
529
20
455
546
716
-625
-810
-561
752
680
-397
296
568
665
560
-899
-320
737
396
653
-578
-998
684
294
-435
-428
664
181
-859
-518
-41
-840
-50
-609
-302
-23
363
992
916
454
-291
-179
-211
299
56
-63
-943
522
636
52
-356
-641
-327
-980
806
-639
2
259
-660
773
-103
122
-341
570
-423
-261
394
-444
435
-138
-378
44
148
353
914
-522
568
-817
551
-417
-174
863
995
724
-439
53
819
-747
-474
-583
460
-357
211
558
373
296
869
-559
-511
408
934
-353
-918
-404
-921
-654
43
-774
-374
-170
-518
83
402
-771
-812
-434
127
861
-210
-489
288
-741
404
-885
-587
128
915
76
411
162
-629
-346
588
166
891
-787
-229
-172
-700
255
895
192
-114
162
6
-360
229
-3
318
-37
-354
-317
910
-923
53
-137
919
82
-656
17
-124
-73
-918
-266
776
910
483
999
-754
463
-691
986
841
-405
-964
81
213
497
611
-250
966
11
644
-428
-421
-665
870
-296
370
287
-564
-463
-421
637
-54
553
-761
934
-649
841
-278
557
-402
-396
-572
-969
104
-147
-528
38
-61
127
-213
-709
-848
549
-91
483
-159
-348
-583
-991
-543
883
197
660
628
-537
-24
6
983
-568
755
252
586
368
419
178
89
-465
430
418
-14
183
-479
-206
205
368
468
-459
-680
-364
637
-778
-527
403
-183
-28
-699
417
650
493
-108
468
-801
910
-591
-723
-864
780
914
496
-656
-418
-215
-557
873
804
50
-37
-167
577
311
-705
-549
52
754
244
898
-20
-235
-79
467
-729
-246
713
175
308
748
337
137
-799
-481
-313
-622
-485
-877
-362
381
48
-964
-212
629
-345
-250
963
759
262
34
489
-180
-856
662
-619
671
390
-245
-443
17
674
-617
-829
-593
658
-909
891
-570
517
-50
414
-298
372
-493
-828
247
-144
-166
-836
-598
-835
715
-456
224
-98
-702
815
-171
581
-815
237
374
-598
314
-204
8
491
715
-178
955
-830
768
475
-723
171
848
-894
-654
761
-298
483
194
610
-668
-316
391
-477
-696
386
-237
380
202
965
161
743
-445
334
-869
958
301
205
124
11
-761
-691
133
-402
921
-704
-121
995
-775
-902
552
198
963
-715
737
219
208
600
433
-77
-492
276
298
-222
574
456
-392
-110
-874
962
96
391
-199
-54
-633
-779
-582
29
577
990
-858
239
-789
-751
102
-130
-444
-723
-995
594
-914
-220
-98
249
-983
-658
85
-962
944
-26
-26
162
-781
-992
-817
-197
827
-880
711
704
-862
-527
-480
-374
444
-221
-70
344
-86
43
590
678
-709
422
-327
474
884
631
291
645
-671
913
307
720
-295
-937
-167
-704
143
87
138
-384
927
57
-804
-58
-12
-772
916
-621
431
-736
-497
927
-369
346
-984
530
297
-220
339
-874
778
-403
-184
272
-534
367
935
-249
-562
515
276
582
69
637
-798
700
743
493
75
-450
-673
189
-247
-357
937
-420
-523
-401
-595
-504
70
595
-260
-518
411
983
638
-763
772
-598
-935
-485
-454
855
685
-619
-266
174
-81
-335
503
-439
742
-690
-186
634
996
345
-298
147
-73
-833
-339
85
-710
110
550
-654
-933
55
22
-396
-515
834
-555
28
76
-309
-953
878
72
114
-142
595
922
509
-345
-64
710
-413
-260
-614
-928
-451
30
-12
-265
538
-79
629
-388
196
484
43
590
543
-132
144
703
295
-936
411
-18
-361
979
696
994
-425
-158
-482
-214
218
-746
-443
129
148
-353
627
-708
604
-588
-856
440
59
-774
-152
276
-829
-474
-295
-283
-653
572
-606
996
175
589
-850
-863
-690
-977
410
962
-361
418
-26
-480
709
441
-703
110
-772
533
1
982
552
-811
346
479
173
790
444
-426
-867
141
-832
-720
134
-456
511
-857
825
-679
-204
306
-96
162
-248
-962
-627
-366
954
82
316
955
556
748
-267
720
333
744
-691
757
632
834
524
344
886
-898
762
415
-507
-857
-114
-5
95
-663
-80
-167
-286
415
-201
-947
208
366
-172
-82
987
530
259
-267
320
-657
256
157
-31
778
908
-769
-344
416
348
-331
678
-330
-905
445
-850
-456
17
-636
-10
-890
7
-807
-187
-640
601
280
-908
613
-351
-101
-548
-63
821
836
570
597
-495
250
246
-631
-123
-899
331
262
-825
981
913
639
-490
266
781
597
469
191
833
-565
-391
-930
590
831
-536
-272
966
-154
541
878
390
784
31
830
329
-588
610
-748
532
548
-953
95
95
-875
-773
477
453
-152
791
-491
515
-519
171
523
-494
992
-296
-952
-647
-149
86
-654
511
-954
844
-62
-241
981
778
879
-534
238
403
-982
822
612
328
955
873
-48
-157
514
-369
-787
81
571
-665
863
477
663
-729
-974
56
75
-461
-229
-755
185
-505
-417
-403
-615
922
-924
32
-241
-248
-477
-696
940
798
334
871
319
487
169
-746
-307
46
-413
-174
-875
-346
-628
-870
874
189
985
32
158
-837
719
-528
-517
-980
-582
-735
-803
92
-411
-306
-657
-778
-671
140
183
98
-581
794
-237
979
-493
157
-804
16
-476
-187
492
176
-462
-945
27
218
-41
38
253
876
669
505
-778
358
206
128
-919
372
-223
969
858
-1000
-367
214
-653
558
923
420
-68
-945
269
386
-401
321
-752
-968
51
329
-247
-909
-447
374
392
559
162
148
623
349
-553
236
791
365
-422
508
850
-96
616
-221
60
-960
-196
310
530
-375
-671
412
-18
-410
-462
-376
728
-397
-344
-783
643
677
558
-342
920
-170
956
486
-84
777
416
705
-502
71
-131
-539
-774
488
641
47
747
341
-541
26
356
632
-678
221
311
-975
-569
-664
-993
632
822
-796
152
6
589
-292
349
-659
-97
837
30
578
228
-585
-372
-806
985
256
952
-171
107
-173
-837
-429
648
995
439
-422
342
-727
-620
-437
51
380
612
69
115
-355
-115
234
784
950
842
-815
997
-808
160
49
-942
91
-82
-79
-956
598
36
-4
369
-41
223
187
-597
-907
732
122
-573
635
981
885
-21
999
-79
-319
-161
-423
-563
98
991
212
700
857
667
-728
-228
381
-538
958
780
-6
905
548
-918
-309
-570
577
-995
172
-5
975
542
855
-587
-821
570
-856
-553
-612
141
685
-953
646
-143
-908
-55
-132
-748
282
676
811
371
-958
580
-872
-626
524
-813
476
751
361
-965
-72
22
729
-446
-823
-289
-105
-440
962
379
497
572
243
889
355
-642
-136
-400
-313
-571
419
596
-506
-721
297
-422
-212
-920
460
-278
579
-91
87
674
-269
-822
-671
516
92
-128
-550
94
217
-507
-367
963
412
481
824
909
-274
-323
571
52
-858
-614
-33
488
-668
75
601
130
569
75
268
926
-111
-539
716
254
-695
144
204
148
-105
384
97
51
-855
480
590
-141
-119
111
744
220
598
542
-556
-424
537
116
645
282
957
10
89
805
-730
-856
-722
-95
-188
-882
796
364
-599
-237
-970
-433
-528
680
-38
-754
931
-685
826
506
-992
-388
-784
-334
-302
719
-451
438
-837
845
405
348
36
161
78
-849
-5
683
442
-589
-929
-401
687
-375
-69
84
-522
-231
230
268
371
398
-914
-814
-270
346
733
-360
131
979
925
487
-783
902
-717
-540
451
-343
805
956
-973
17
120
-264
299
245
44
815
-562
-146
-264
393
607
-482
814
640
-45
-540
-692
892
400
984
-806
-908
-112
446
262
-499
-150
-508
707
57
906
-885
914
268
-473
-803
-814
-490
-248
-961
480
579
797
19
727
-111
-122
30
-743
-709
137
790
-978
152
171
797
-7
119
-238
401
607
-937
-177
565
-464
502
-695
270
692
-880
-647
-998
692
-200
284
-956
538
47
640
968
-831
-175
-252
722
906
561
717
899
-575
812
305
597
-121
216
442
722
205
-385
-883
333
125
647
-786
-111
649
218
-340
-602
519
-463
-530
693
919
290
-137
153
756
-202
432
-18
-976
658
-767
-293
-825
-250
-660
-607
747
4
-449
-7
-964
-942
421
539
962
-68
953
-699
-868
-516
-745
14
268
979
718
-701
322
671
987
-187
206
-229
359
-763
-680
176
940
41
117
952
-35
290
-321
21
499
724
-409
742
-232
-50
474
-341
-671
310
784
-243
666
-105
-222
365
-267
-455
240
248
-280
964
164
-620
845
609
-22
-726
340
-154
929
735
-16
492
-521
-301
-347
-557
282
-692
-738
-968
-245
43
419
767
-169
165
-84
737
525
-730
400
-234
295
-925
642
-477
527
825
266
451
496
-918
16
-938
-71
-271
488
-185
575
-506
323
660
478
550
-442
165
-618
838
-886
697
-104
828
-732
35
-253
-397
-217
771
345
-615
-424
-941
-903
186
-935
119
258
-589
-159
12
-687
-933
1
576
99
885
-259
580
-185
614
-42
-930
438
-563
299
-214
-932
-604
-552
-191
-788
792
-688
897
424
-231
753
-873
307
-148
-280
-870
-84
415
-292
-128
27
99
-690
-405
593
38
-409
50
-821
761
-304
515
-562
-771
751
111
-798
482
482
118
45
150
466
-371
-707
462
137
-314
-634
787
507
85
604
830
-36
262
-804
619
-603
-695
-971
955
-128
756
-874
374
298
-817
204
754
129
271
-906
807
247
-854
716
138
144
-568
-400
891
-565
-427
-936
-319
199
-960
459
131
-98
-989
174
-907
-24
-639
-683
-668
-386
636
-750
337
-36
696
796
913
488
44
679
518
655
-453
-623
910
-889
467
320
-466
160
533
510
768
107
327
66
-159
-524
30
-921
-647
-497
-50
699
-177
-510
848
222
684
-42
-289
-82
979
95
705
442
534
-218
972
770
904
830
-775
-43
-206
608
-444
517
-302
937
-191
463
384
-499
-110
755
237
67
-360
-786
236
-851
-131
162
-402
-260
802
358
-423
-939
474
666
-813
928
328
-997
433
-84
380
808
-603
-839
577
142
779
307
329
106
952
794
202
-77
-130
122
-412
493
969
589
445
-593
681
999
475
-427
-448
-682
924
-543
105
453
615
-654
840
368
117
884
704
555
-428
275
-584
124
-254
414
-915
137
58
-893
-825
101
826
41
-475
323
-789
-768
885
418
-410
-251
-197
642
149
332
-960
170
160
-257
449
650
-232
131
6
48
-105
-437
174
-532
-586
-856
165
457
-23
-94
-983
935
18
-973
-156
-595
-834
-642
978
-406
-142
-705
-910
992
-561
-180
-797
614
874
-340
797
358
-609
-875
-370
-241
808
-546
-58
638
37
-371
-339
469
618
878
-988
952
887
144
-187
-432
910
443
404
393
-724
-26
449
799
-371
926
576
4
577
-594
368
784
-462
18
-240
-816
278
-148
-145
331
-954
-422
-926
-969
-463
861
-911
316
8
-630
-414
-40
-812
-343
870
-208
-673
-335
862
-302
-608
-494
359
261
-954
-258
300
-502
-370
-104
297
-220
-908
-427
-966
57
408
804
78
-696
-128
357
-29
-86
236
-576
349
265
93
-546
496
185
-498
-622
-597
-444
-624
491
122
199
-101
18
-544
-160
734
440
227
24
810
694
441
-596
-34
-573
-499
124
-852
-430
-779
734
-879
-742
359
-385
109
94
172
655
351
-902
477
827
661
-547
40
139
-815
-485
988
134
-846
-556
-173
651
-498
626
155
625
785
437
79
-985
57
-102
-551
846
850
59
-841
88
859
-584
658
831
642
44
-367
613
-724
482
-372
-41
-987
-191
-73
268
-714
-209
634
-646
505
342
-665
3
431
605
57
-20
160
-94
549
671
399
654
813
556
451
762
517
-865
-601
804
-304
-471
857
199
-294
404
-443
-330
199
-231
754
697
-843
-887
-744
-671
502
-429
722
604
21
-99
969
-402
-968
-44
259
-352
340
186
-212
500
353
-427
601
387
51
-300
741
-819
266
829
789
725
47
877
64
546
278
-8
-800
-563
270
-677
850
777
-275
296
-226
296
-799
-965
-155
548
-699
-161
-325
249
146
321
57
-283
-418
146
-917
-415
663
552
215
-39
-185
-44
-492
554
-383
-595
990
-915
165
-648
-427
-732
431
525
87
306
-965
642
-850
569
-391
-726
-733
419
-593
-499
785
-371
445
162
-671
-818
-939
-538
-948
993
-917
1000
871
-576
-419
-819
-726
325
-752
858
935
-419
-682
550
-207
-946
-390
-192
-293
-346
-918
669
-463
633
684
244
658
611
-78
-406
-540
-247
263
-667
37
-771
655
732
563
114
440
585
-17
343
983
-284
154
-626
149
176
-545
-222
-241
41
824
-102
545
981
-89
178
-752
-459
627
-128
303
-761
-234
-53
-383
727
-335
441
-257
397
-240
384
905
845
939
-37
-629
462
920
606
29
239
245
797
572
-419
-68
-279
-172
250
777
329
33
151
149
-525
-259
-447
348
574
-590
451
92
-141
-209
-513
-4
418
913
-890
-452
843
388
-833
929
-712
123
-862
-957
-944
388
-562
-571
866
-328
920
566
-799
-587
-130
-124
245
-805
459
-834
-570
-804
-294
409
-84
-423
-872
767
-857
-871
447
-950
-865
32
291
551
151
-556
-305
-993
-944
473
-635
44
625
-686
416
-168
-421
187
127
-606
-278
-775
-159
-864
-861
-602
-816
712
926
-725
-675
-804
685
-771
226
-684
-610
-236
852
707
-897
983
406
85
-608
725
565
-189
742
386
289
-793
-244
635
129
-634
42
-615
-700
-88
850
756
-490
193
-864
-577
-989
-857
-631
885
263
-557
-760
50
-476
839
956
71
709
-996
-555
228
-785
799
-787
-268
431
-786
-68
-791
756
28
547
-400
-472
30
24
-979
618
-547
-422
913
-797
145
-998
924
-875
914
-956
680
590
588
-269
737
98
69
950
447
-595
136
408
468
483
557
75
-118
896
-953
404
-814
453
-644
445
-357
965
535
573
66
-336
767
-460
-841
371
541
-78
305
-662
-836
-133
955
-748
959
766
604
84
231
-74
-451
-439
-681
516
-10
-361
-695
-765
221
792
-199
431
694
18
304
807
991
928
-191
676
451
619
-597
-827
-832
-842
304
-449
-472
114
-806
-381
-22
441
908
-809
28
462
-919
-169
610
773
-723
-372
-988
-367
343
-171
696
167
-843
812
139
-54
612
-962
-288
-538
-296
-868
917
-859
722
499
-259
-687
-622
-924
-618
970
-725
433
-650
-558
262
65
448
109
746
-845
34
581
348
752
-140
-616
-68
-390
289
801
824
-210
-379
-159
-671
619
413
372
-574
-258
-892
-594
-256
-391
-658
388
-475
-918
370
-824
448
-804
288
-695
922
380
172
-248
-404
-417
778
929
951
-845
259
355
-619
533
-238
-963
64
-548
-773
-982
-522
-671
-68
-3
-173
-500
-73
-346
-944
-437
-600
-195
89
847
-791
178
-905
-533
-313
-652
-588
913
-761
949
-470
326
-867
-599
268
-628
623
251
682
22
104
-686
437
-228
-599
386
-543
-900
-832
-989
313
640
-739
813
-360
150
779
-849
-206
484
-546
807
-915
-357
-726
-739
-345
-65
406
-895
-396
763
-185
734
756
-633
-861
-184
222
-467
-818
-668
-688
-145
982
-4
-783
-675
-930
803
54
-515
-929
83
680
-791
722
956
764
-549
-753
-86
-191
942
-267
-476
-836
-743
-190
757
-474
431
-430
-473
820
-661
254
-48
-467
-748
-891
-802
-200
-853
-822
401
703
-401
-178
-78
145
-253
406
-722
-797
916
21
-517
-190
110
-246
-919
-314
733
511
171
816
-290
646
8
-219
188
-888
-926
-376
477
514
138
-362
531
-186
-732
-748
973
-433
-551
-215
132
868
657
-217
-685
936
-573
-329
-548
80
954
-864
991
-284
720
116
967
-549
314
164
313
690
693
844
-734
-384
993
943
444
996
-254
-114
-542
941
707
-903
-88
-772
-103
459
546
-265
737
-53
-790
-874
518
970
108
344
-562
-176
-131
-625
474
365
-979
-397
673
-3
-483
783
-485
286
482
969
661
612
629
110
250
-980
40
-301
513
-752
837
600
-858
-772
316
-899
458
-448
573
-494
244
689
-919
559
-913
-497
-427
-250
852
535
-237
-574
-880
587
-215
-798
387
500
423
781
560
-986
962
-83
470
-791
356
-959
-214
743
332
774
-163
302
-926
456
-932
-520
893
-953
472
-636
-711
-61
-373
251
404
850
-722
-471
-17
-417
6
-938
-591
601
-770
721
313
151
-141
-712
-993
-879
-221
-536
531
687
625
-100
867
-826
113
-474
280
225
-784
337
-627
173
664
147
151
-710
709
561
-10
-280
-392
-389
299
333
-732
-471
-207
-512
839
796
-568
-548
30
-560
634
813
-988
852
-518
526
977
-825
773
-569
-266
-992
-528
411
-460
-431
955
-798
-378
-649
-403
853
872
346
817
140
-250
-443
384
93
-539
-269
-238
281
-412
-739
151
905
263
483
-411
-193
-85
-544
-555
-88
88
-573
-861
851
837
198
-537
-254
-928
991
274
-62
600
268
870
421
-484
173
-34
-350
-223
-876
415
-346
-807
896
482
475
704
-876
966
27
466
560
310
-504
444
724
-603
757
18
-120
-720
661
712
-724
497
-77
-646
-873
-863
-890
895
357
458
469
-222
-173
-743
239
37
509
345
-838
994
730
614
-555
394
915
751
-388
239
589
-375
-251
518
-647
508
132
-569
-800
14
-95
178
-820
748
-897
-26
-537
604
326
-325
532
528
141
401
-98
216
-700
-104
-827
-693
-939
736
94
-919
-471
-808
928
-547
-452
620
132
-718
284
-996
-722
784
519
962
291
-890
213
-482
222
-529
-38
108
155
-785
636
617
-65
-598
-392
456
210
-787
450
-794
-403
381
690
510
236
992
-933
40
-999
-225
561
357
-845
-171
586
44
-478
-517
-254
-458
591
-468
549
-553
705
319
605
314
-451
-207
-397
187
-367
-45
305
54
793
795
-173
304
-243
401
727
600
-25
511
276
-95
-351
-180
569
96
124
-974
809
-775
-345
924
450
762
623
-310
-404
-375
602
575
-152
757
-424
432
131
527
-344
609
-613
-231
303
-859
229
600
850
438
-976
-539
979
518
975
-123
481
659
168
-651
-583
-392
-692
218
-98
-215
-950
62
209
-110
-281
-67
-189
941
-322
-193
186
281
-61
-218
368
-460
-272
979
-980
-581
706
-503
-736
23
-363
-294
-514
379
279
172
-835
-33
-368
543
-967
760
-123
-110
72
-691
941
-860
623
-674
-913
480
501
200
-829
-128
-736
15
649
753
201
440
-356
-505
269
-224
270
554
-666
228
430
-347
129
-592
508
367
-29
-996
-114
-777
-668
-749
-195
-653
577
-404
688
-256
-870
-549
889
-951
154
611
-961
-773
243
2
813
-756
-579
690
-139
-153
-235
234
-663
764
-356
-569
-599
665
924
-62
452
-713
-930
-917
429
299
160
186
190
570
616
-188
-19
-206
-135
-609
-974
874
-916
498
-930
536
-465
-943
-312
-809
-765
785
753
61
188
45
-639
-164
782
-20
-118
508
-437
266
59
-850
120
152
-24
-172
417
-287
194
481
247
715
685
899
80
-337
478
576
-860
784
-1
-27
-860
915
-110
-979
598
555
-695
840
-955
-524
907
-109
179
599
24
516
-433
34
800
793
-3
707
-263
41
842
-314
177
660
565
-860
-423
516
185
-605
-178
-695
885
696
451
721
130
503
-509
374
75
140
162
-893
283
0
560
924
-77
994
-818
399
599
-374
160
85
646
881
-188
531
669
693
684
484
620
-224
-832
942
322
501
116
-446
125
482
-784
-568
990
313
-925
-985
-32
79
137
655
175
-702
-761
362
-912
-639
988
145
81
-483
443
-438
-829
316
103
-494
695
-655
871
362
575
-794
801
-646
-4
-50
-75
549
660
356
290
974
779
-446
-262
-367
638
932
947
-717
766
-337
96
998
-761
-780
936
-309
680
-691
-285
160
635
-446
447
-388
831
492
914
116
735
228
-701
696
-962
28
-976
-623
854
211
99
-952
40
300
179
-322
85
888
905
822
-376
-582
605
45
-270
34
-691
603
-111
-663
-256
73
948
367
281
175
-615
-777
361
-452
-173
-649
-410
-53
-902
987
691
-536
899
669
904
224
545
-136
-939
796
-680
-951
560
-125
408
-69
916
574
924
288
765
-745
-375
-713
569
665
614
357
-310
-323
-872
423
-8
159
-776
-417
-14
-36
853
-832
-411
677
-126
458
460
-185
-250
-641
-236
-687
312
969
616
-906
-963
727
1000
360
-353
101
603
258
897
-742
902
-930
644
380
177
-876
-883
-165
852
-300
855
-971
69
300
-275
-425
499
249
652
-269
-197
53
-800
-627
-769
-829
476
33
-124
103
618
-817
-507
-301
492
217
39
445
443
-937
-646
-242
-95
603
268
-137
-610
897
-461
314
214
-95
629
791
287
41
283
-954
500
395
9
561
605
-495
821
81
-867
-59
907
-647
-54
-642
-484
-580
312
-792
248
-539
765
-972
-749
165
-780
542
825
-291
180
308
585
-964
-49
-773
-6
-899
79
774
-361
-969
-281
-744
-326
133
-100
388
898
859
838
446
404
403
531
-897
-451
-110
-439
796
275
606
-351
932
-131
-787
68
-795
623
-262
404
504
623
-738
949
74
-545
280
570
912
531
934
375
-625
-736
-868
928
-100
-314
-199
-152
248
190
853
-928
999
-464
705
-970
-989
-134
-916
-418
-331
25
735
-834
-989
817
-961
-432
308
584
465
209
-272
613
698
960
-470
563
-430
722
225
253
-722
-415
349
-632
437
-796
645
-70
-793
-80
75
-89
-328
-429
-4
429
282
-118
331
702
406
-562
75
952
-466
-359
-581
690
601
338
195
370
394
-339
-262
814
730
526
-12
386
-948
695
-301
-417
371
325
311
-22
819
282
391
-54
-379
-923
977
-644
-17
507
912
-144
714
-661
-872
-194
-567
550
-31
-901
458
-239
-163
-100
991
257
-599
124
489
-462
-904
-112
574
945
51
-927
-89
-899
-639
881
-946
253
-194
-192
-201
-465
902
55
823
-942
-922
113
-980
286
-577
4
125
-900
22
-685
380
-880
917
-641
-741
-827
381
-163
-395
-552
-343
169
-563
-983
605
520
775
39
649
-336
317
-698
-113
-90
902
464
-133
-768
-407
714
-964
665
239
-647
669
44
835
-443
44
723
-885
-182
-184
-922
-839
597
228
-696
606
-761
222
105
-792
448
-711
881
510
795
785
-954
860
466
565
565
-298
-438
455
988
251
352
-671
42
-884
329
-74
292
-676
-847
593
547
299
544
74
156
848
781
337
849
-241
147
314
-398
-300
-339
-24
712
492
-788
119
-752
749
-9
-724
-547
-553
155
-102
-845
532
337
-790
914
78
318
-190
-22
263
992
345
163
-791
-640
714
571
-348
-135
964
901
917
498
-164
904
256
-185
-511
232
830
119
-409
-247
-805
-768
999
340
-122
-491
846
-579
83
-239
-618
191
-839
-199
-347
530
166
-610
-620
-474
-689
-130
0
384
50
357
-905
-80
467
-943
-907
757
999
125
958
-433
686
-725
-485
603
-451
174
-122
723
323
156
-712
-661
964
206
96
-572
809
168
27
546
653
110
-404
-323
-301
-586
-81
211
288
442
-758
-221
-187
-410
380
-897
-123
569
539
261
-713
196
998
734
-66
264
773
316
-866
-415
286
409
648
139
-186
-397
971
397
-54
-963
596
-263
-681
759
-422
584
498
-693
-382
605
319
138
790
-172
481
375
-649
-525
842
566
-279
-480
-961
-903
537
193
-938
-520
478
846
-910
517
490
361
22
-440
-46
11
288
344
-591
-912
-20
-621
-721
-240
615
-320
56
414
760
-119
407
-569
-725
-504
188
-114
-684
-133
-741
964
-131
968
223
539
-797
631
-280
640
-217
-545
762
295
-906
609
-301
-557
-115
176
68
979
-829
-829
-23
434
230
30
-183
-344
-973
-293
-558
-847
67
-703
23
-821
-348
-555
210
273
857
324
-829
-720
-167
378
915
-185
-206
-902
-513
-645
770
-356
-29
-691
-343
880
-227
-128
-276
-546
-818
316
194
904
-243
-682
-432
15
406
756
229
-144
652
-710
177
252
-425
-458
979
-442
315
-524
-428
-651
350
-181
-129
-748
555
483
920
-608
979
-490
-776
-792
-542
-617
-443
803
-160
-229
-588
-936
923
-878
775
-592
991
-956
-799
-23
173
121
-165
425
-900
-791
28
-487
-383
-752
-167
641
-383
-255
765
-115
114
-962
882
393
-323
330
-554
66
355
893
937
-915
534
815
-996
-103
958
-710
580
639
901
-735
650
891
-650
828
633
-850
-328
170
-938
929
335
598
-31
-40
994
-177
-442
694
348
-981
381
865
-877
742
0
146
-606
-927
-601
-563
-372
-330
-238
412
-755
557
574
-16
-952
-408
-302
490
807
793
358
748
-512
654
-533
-456
564
-921
-995
-350
699
450
448
-443
-887
160
419
155
-608
289
359
-854
471
740
-843
-834
465
-110
-86
702
-521
-117
394
-295
647
508
-422
-965
658
710
826
-99
-468
23
-429
726
779
-225
-862
145
169
190
-260
930
884
-804
695
-727
221
-409
-482
-683
512
356
282
-798
-613
-894
969
-108
742
-933
900
-218
-370
-248
752
-86
-77
674
543
-501
-718
877
-234
-162
257
-673
-842
-564
550
592
-256
-994
467
278
-1000
754
-10
357
-263
-758
658
-410
783
-960
-839
292
524
767
-122
-80
495
315
-933
933
36
456
593
-516
-324
-558
908
-807
561
-700
340
-67
244
781
-946
612
538
439
-418
437
429
534
-690
-143
-906
235
109
78
-348
-527
-966
-554
-386
262
714
479
-60
328
-710
-165
-202
-303
-740
-257
-479
-313
962
-869
79
-91
844
552
268
6
546
599
-576
-509
892
928
149
906
-437
-819
341
49
-390
-144
-248
-51
670
-31
812
75
-926
228
-734
154
-948
-61
-407
-803
18
856
549
368
-551
757
649
75
309
-348
511
510
-392
960
197
-899
770
782
-508
-660
-435
993
541
752
274
93
-922
-448
-430
958
-668
909
-996
-787
958
39
-170
-333
-129
442
-590
-531
628
-356
745
506
122
-161
687
54
-385
810
228
-721
-202
-62
-517
844
517
862
782
-759
-561
-914
-309
-107
845
-227
-473
462
980
-189
-926
886
-451
-977
177
-906
-271
954
419
-539
-929
-534
-912
-655
888
398
-363
-987
-489
-665
-763
552
355
25
-561
-906
264
912
-238
-931
486
-460
795
-179
-456
-804
132
-614
-644
-115
57
639
323
-946
482
-899
306
-567
-771
-268
-926
-396
563
-741
511
-633
-589
171
-379
855
-203
73
944
69
-12
245
-984
-280
329
712
-258
-331
-107
-208
314
-37
-20
471
-851
-75
949
582
31
-623
926
29
872
971
767
948
844
396
680
-456
830
242
-997
844
-26
853
-143
-950
-784
-185
-135
364
341
273
-161
400
398
594
525
-293
-865
-521
-766
2
594
-28
-45
-558
681
-458
-384
-350
-991
-166
855
78
795
-786
-203
74
-556
-327
-602
-761
-452
615
-24
-936
138
345
21
863
-640
4
863
558
-110
-829
620
-502
347
-753
811
-789
-595
428
-707
209
-746
-475
-415
-169
-709
-517
617
312
-218
-360
718
379
941
-59
754
-784
-634
441
-413
364
169
-546
-302
-874
-236
-274
635
207
399
491
-512
-978
988
308
-192
-284
-577
-823
756
981
-165
-725
-552
-979
-199
879
673
-352
-917
-983
197
291
806
760
932
550
73
908
336
-890
-550
-215
-954
345
-966
-605
-508
-539
486
-439
170
562
-637
-959
-735
6
136
785
244
-791
641
318
268
698
-196
-279
488
-17
-49
-183
-291
-606
-603
-147
919
521
-712
-732
615
-128
483
588
-539
-525
221
628
299
798
574
981
277
17
243
-971
-608
19
-990
-575
953
279
445
118
-144
535
529
-647
285
-607
733
-141
260
-935
-284
-889
-656
627
-714
-950
758
-787
-103
-819
937
-874
388
-333
-971
-5
710
85
-519
-606
-697
944
641
919
510
234
-565
311
-970
-150
513
969
695
15
-550
-692
-869
-774
-624
-172
-103
775
933
-27
519
123
120
-394
689
69
271
663
637
-961
-270
487
512
353
-380
-505
-369
-575
-481
784
-975
426
779
-45
253
-932
-124
-331
-43
351
-589
193
918
154
-962
257
178
957
981
577
-484
-409
760
185
656
644
-647
-160
-513
626
-388
-114
-990
150
-12
-507
-398
251
-180
609
227
348
766
806
971
553
538
710
-465
979
645
85
913
159
-80
550
-900
513
82
301
40
-366
-726
-958
935
505
505
555
872
192
-377
591
-158
-332
-83
803
77
-927
-863
-467
726
64
-650
-527
-297
341
628
401
41
575
626
844
502
-255
776
153
-325
-167
549
829
968
657
-870
-126
-617
-953
860
792
889
743
823
-707
-308
880
-619
256
141
-348
82
407
48
-175
111
-831
347
-37
-498
797
-46
-28
636
799
-840
558
556
-524
-951
-416
887
589
626
693
-794
913
-17
-603
938
746
158
311
536
-460
280
609
560
105
-490
-81
398
935
-594
-456
-442
442
-176
-606
-479
-491
-536
-175
-132
-219
-643
53
-349
-269
-218
761
-881
502
-633
-326
-111
185
-668
284
-149
-329
553
-570
597
-450
-131
32
-208
947
-542
-716
-447
53
259
407
559
-554
297
216
521
-215
337
-640
-315
376
-690
-265
-939
-753
-455
494
263
289
-598
118
678
-843
975
172
-690
-507
-400
376
280
727
-492
-235
-862
-838
513
946
800
-433
-89
-162
622
-135
73
807
818
-610
933
-807
-612
-833
-317
-90
-884
-575
-524
613
-994
46
826
-162
649
-971
-899
505
-674
-249
-540
-289
832
-763
-525
-941
-512
-353
374
897
-966
752
144
837
982
564
823
-343
-512
670
938
-535
-393
-162
511
-462
-72
687
-644
-493
737
115
651
122
815
754
570
-787
174
98
524
958
-845
172
124
78
-715
504
-375
-303
-830
-62
-247
743
299
121
-126
428
195
-679
418
-591
-496
418
42
-283
-508
789
161
-666
9
177
-395
-793
-2
-740
547
-692
336
-837
-125
130
-748
839
813
-241
80
-208
-396
861
65
-306
335
-357
-874
-462
729
915
112
-968
-662
69
-866
-453
-998
212
-885
226
751
193
506
416
-775
884
951
829
-117
-602
185
139
680
407
-470
-171
-962
-857
-710
842
-452
2
-54
906
-109
-871
0
678
-535
-420
-618
-219
-400
-835
-479
411
510
763
360
-750
-857
601
-499
74
40
-188
981
-171
536
-46
-46
559
82
-779
-257
-938
-680
973
-888
820
201
44
319
831
-114
-301
-186
470
-392
503
610
174
-701
782
-765
682
-488
596
-106
-586
303
522
778
-677
664
277
343
-793
-144
789
-33
947
84
510
-665
-107
276
-427
124
752
730
-143
789
20
-350
902
372
817
655
37
133
-357
515
-45
-492
-254
33
-94
-671
818
-787
-359
781
-201
514
844
-433
-636
6
318
786
-42
-163
-194
241
689
733
-431
718
-412
905
-822
-244
5
-85
94
-635
472
-491
-301
-647
-941
170
959
12
-811
-661
632
851
472
-664
-645
136
-77
-522
-116
-158
379
648
208
-622
761
-237
999
-383
-61
549
218
-514
199
-71
993
622
-709
154
355
680
286
859
-530
688
399
-760
908
853
992
295
-828
544
735
14
-282
367
-634
-226
-820
220
369
643
-494
-721
-480
-314
-788
-443
381
-919
-694
669
-796
-777
15
562
642
-550
811
-659
670
-604
-618
725
-247
-620
-761
424
-61
820
-844
330
283
982
425
-265
-686
-694
994
-952
388
511
-462
870
192
531
-719
-826
373
531
-304
-744
-555
-358
-407
879
335
-72
449
-771
124
-428
-910
491
518
-497
-429
508
-877
900
152
-301
918
-219
879
-138
194
-515
-635
-816
-59
-758
-904
-866
850
158
775
258
-264
-689
-276
-544
898
-296
745
-341
560
-218
131
278
51
-816
-747
-366
-819
421
297
-670
910
868
-739
226
378
136
-725
-240
-11
-779
460
-913
885
685
-96
343
357
-962
265
-783
-542
6
-90
294
-749
-844
444
408
-22
456
962
-207
315
-254
404
-570
430
-274
-732
-822
573
-423
951
77
910
186
280
-407
729
726
-187
-116
531
-120
743
517
835
18
-589
-67
-625
320
266
101
-619
584
-58
-201
-745
429
680
-166
376
959
335
215
-838
-434
-88
522
-152
78
778
-199
-896
-341
361
769
331
-589
702
507
-36
-226
637
-45
-375
-243
-56
384
714
-515
-477
-973
378
748
-840
808
214
-681
-573
-836
-254
28
207
-547
-657
507
444
-730
-790
-136
-713
-601
504
955
-74
525
758
-932
234
-254
998
626
-700
518
67
124
-235
-491
-170
288
-439
232
-779
118
530
-58
167
716
161
-640
802
-635
-505
-374
461
-355
515
-621
580
525
-592
507
-830
-43
766
34
-780
-311
-875
879
-823
378
-658
-287
-667
-939
-217
-818
643
665
-665
477
-681
446
-237
52
-53
-121
546
-764
696
481
220
-569
347
899
-859
232
553
-915
-457
370
-142
-662
-569
-277
-104
783
286
-991
673
-795
471
-939
729
-32
-778
140
147
-439
622
-47
-664
780
-220
17
845
-952
456
-814
291
-655
914
-55
-692
-542
135
-764
-55
-789
813
-302
-261
-912
-766
-215
465
-949
786
-906
710
952
339
-512
622
600
845
-406
813
288
468
711
286
-358
323
737
-909
-214
931
-27
951
-248
-444
-529
-504
-494
-278
-978
110
237
-662
334
-50
-159
-36
-171
-851
959
815
-447
271
867
-155
-980
-942
477
-64
815
-522
11
-433
487
361
867
-671
438
-475
-453
582
-686
492
766
-877
593
-949
-722
257
-100
-713
297
779
-39
593
-738
-803
-95
-678
-803
-90
25
632
422
601
-943
-60
523
873
723
-802
-476
-759
-234
-858
-596
247
-949
-425
-746
-218
93
584
292
-481
-35
-199
540
738
209
-188
-505
-178
975
-928
167
-359
-900
876
552
-879
426
819
460
-933
-859
665
-466
163
249
45
299
609
383
531
10
899
-504
459
206
-661
-471
692
575
546
32
235
456
905
346
43
658
405
29
-67
993
298
435
853
540
419
-135
55
574
-42
-727
-361
-519
-537
179
908
-120
8
-51
37
-223
389
-821
238
-964
-790
800
632
833
441
-557
-985
-977
361
653
811
534
-604
-552
925
753
450
-90
-427
829
757
-252
372
-766
195
-902
-274
-169
-36
102
361
-166
48
-324
-232
-129
-281
535
-100
-249
-797
930
913
-311
-103
961
-530
-245
-451
-191
284
-265
690
-377
-126
617
624
-129
-698
-514
784
-702
952
-590
916
615
-483
743
636
-421
-510
541
859
-588
-891
39
-14
-220
-785
640
-97
994
-756
-511
-455
-890
292
926
-556
901
50
633
-646
874
764
-146
574
-516
999
-189
-582
211
-129
913
952
-37
170
818
-640
113
-377
-956
-391
-350
409
724
-943
726
87
-488
73
-195
264
-599
-932
328
-23
-961
-448
637
681
-344
-770
556
-622
-807
-847
341
-231
737
8
857
-663
130
-28
-819
84
209
572
-69
-739
-214
-472
658
988
-304
240
-168
-831
953
999
641
182
352
-940
-488
-822
971
-836
639
253
-847
-975
-288
946
501
-526
13
109
-164
-769
-94
-152
168
746
-702
385
-887
984
-124
-353
344
-795
11
-651
908
-839
933
-700
815
-295
-257
-441
-84
-212
-290
-865
309
-401
-750
-932
-722
126
712
795
-403
-858
-236
63
-751
658
807
-39
140
329
935
-406
750
279
-307
-901
755
194
380
358
231
-19
-390
-681
-723
843
-453
430
-119
763
836
-675
285
-484
319
-326
628
-295
614
-818
-189
-594
534
-433
659
-937
479
-851
-926
86
59
-382
865
-781
-210
954
-703
438
-753
875
402
136
916
-681
852
-772
-37
559
619
-8
-880
-187
359
-916
-297
422
-503
-668
962
-567
711
299
786
-741
183
-498
758
855
640
906
401
749
221
-876
-869
-363
734
200
391
-482
92
339
301
555
481
861
-409
-448
950
-686
210
591
200
-678
-674
741
-58
615
-426
911
-724
-277
-913
560
920
-292
-784
-397
177
-315
897
-560
-987
-423
215
878
297
469
825
-179
753
745
-65
568
-457
-420
-11
-220
-923
259
-356
-332
-79
176
-880
933
657
330
898
688
416
-652
830
-465
-583
122
-714
324
-369
-638
390
-938
702
496
-443
383
419
-659
792
-831
-679
764
-948
861
821
345
-375
567
-557
868
602
-178
140
854
521
-830
180
466
438
-651
-777
-726
798
-380
-187
-993
-199
-114
51
-406
-825
627
220
455
300
-523
-407
-187
-494
504
502
359
-476
630
-102
-195
581
577
114
-51
553
-574
-86
-237
-137
-862
13
132
-680
-247
-291
382
961
561
-421
323
-518
-410
540
-741
145
167
-830
695
906
-319
-322
933
-234
416
-399
505
349
138
-297
-96
695
-107
787
-12
184
935
-268
-436
-436
-290
-594
163
900
745
-952
841
-457
-697
293
782
-717
-507
-492
260
-180
294
989
209
65
393
893
-141
7
571
971
820
-324
36
-953
902
-708
525
-925
-304
-428
-454
692
236
-972
897
-927
511
705
985
-74
57
-8
605
168
-354
143
-108
-212
-247
820
-129
798
926
-634
-179
165
-648
866
612
664
-991
-738
349
-596
708
699
-537
708
432
-938
-236
-149
321
-917
-210
688
650
847
598
-689
443
-662
502
636
721
-948
280
-649
698
552
-265
-695
-400
425
784
718
705
177
-346
71
365
639
483
16
113
590
-791
456
-688
670
122
-149
547
881
884
-846
-809
-635
-996
-929
-657
-517
972
326
530
-327
-413
-444
-242
736
230
-853
549
500
527
500
-505
-886
230
151
482
845
-167
168
-583
432
-435
-376
25
-321
-30
446
100
-889
-213
204
746
-861
390
-798
921
-721
233
-147
973
-504
299
-157
-920
-306
-893
-121
-725
-878
973
487
640
735
611
-985
-621
324
-693
-528
-44
451
-863
448
-169
-152
143
718
50
-179
945
632
-294
-535
495
540
820
-278
-148
-88
-312
977
-985
-93
-260
-556
-355
681
-36
704
-8
-551
-446
486
-282
-885
-51
-238
-787
754
835
-432
242
-158
-131
-952
-830
-201
3
-192
715
78
-753
-458
661
-244
-540
616
779
-198
893
-269
297
539
531
-59
-841
-979
-123
722
-570
346
214
644
605
-725
398
-934
-156
-346
-168
-242
776
529
-157
-458
247
-715
-279
-813
980
-809
597
-553
465
-180
-482
-924
573
757
-28
185
-292
309
-892
992
-408
-396
558
13
-582
221
-199
-490
762
427
-43
862
701
-903
-746
-463
-767
-904
-810
259
246
986
352
607
-244
-57
631
495
264
613
100
-432
-504
215
-83
-613
-107
-779
312
-22
549
310
-983
746
-686
-242
125
665
525
186
-261
-154
-355
-235
-838
222
-866
124
-744
402
739
795
-855
-229
-511
-234
-789
716
547
449
-648
-319
106
-145
-834
745
222
689
14
-732
-465
-855
-977
635
450
-990
582
-442
238
-966
954
585
224
581
940
-816
39
833
-463
-20
-669
510
-814
617
750
-798
-102
518
44
853
-945
-816
585
-452
-746
-100
868
266
253
9
-566
-497
-749
70
235
-81
526
859
-957
992
510
296
364
-893
683
-496
-946
27
105
-99
257
90
-626
-810
-307
-690
-902
-698
-158
-347
354
769
-554
-510
-983
472
358
-211
-711
872
-173
-519
708
-979
-62
494
58
24
-777
816
535
-674
994
-39
-171
-282
-800
-626
-39
321
853
256
-300
-231
397
289
-594
-313
933
541
557
-917
573
-7
-102
348
-719
-978
-764
925
372
459
397
851
373
-206
-963
675
-340
267
-368
-208
528
-201
-152
-96
-267
546
248
-126
160
361
-724
-499
-631
163
102
225
656
-976
-885
197
-777
-462
-792
-199
-731
-581
826
-470
464
309
682
-637
-655
798
690
534
-357
-89
-366
328
457
782
-216
528
286
985
663
-469
-130
916
-338
207
599
-979
-30
-6
-19
-201
-539
-244
105
12
294
-165
937
364
777
-172
819
658
-322
38
-686
-605
911
-79
-385
582
965
761
529
110
238
-376
-308
630
-219
-305
-571
286
95
546
752
-804
-136
-886
-782
-98
-990
-155
456
-198
569
-550
-531
-310
-350
961
323
551
-865
-594
-972
389
-481
130
487
-642
345
17
-286
703
993
-197
47
379
135
70
643
-199
811
-563
831
-448
-289
817
863
-171
-745
909
536
-582
862
-78
155
-957
-440
-965
-563
402
-93
291
886
618
-498
845
750
-852
905
-295
398
574
730
-949
254
-8
228
923
526
408
-753
805
200
-427
-324
-917
742
407
420
-358
454
810
-788
91
183
-456
-799
-906
524
-710
282
905
198
-959
-450
430
-21
-825
740
-361
772
681
327
993
-11
-381
54
266
-291
-792
457
842
-156
-295
259
665
827
-164
-140
121
616
-369
257
750
925
897
989
-707
-373
60
837
975
-265
650
601
279
-766
244
851
68
49
875
91
339
466
-281
105
-808
432
-536
-554
394
-960
-591
-817
184
-4
460
-110
768
756
732
-263
959
-196
946
939
607
-356
958
-92
-612
514
928
87
3
214
182
964
184
-994
422
-54
-995
52
318
-472
-451
580
-36
-634
841
-814
-807
-789
818
-635
-727
-235
-123
-7
131
799
-298
585
-61
839
-594
889
832
440
487
985
461
-801
681
-813
212
-465
147
-539
452
-960
35
118
-230
632
113
97
109
-248
-305
806
957
-116
574
-280
-967
-81
-996
818
-436
103
941
-17
963
-17
243
419
-429
784
104
-492
-608
388
-672
491
-738
683
391
178
709
-840
-260
834
-838
-234
-987
122
-641
-216
-353
-369
125
-378
-463
-884
428
388
632
590
-59
141
-941
-945
702
-928
877
817
-112
-610
2
-303
35
546
137
-452
-697
-350
552
637
859
369
979
852
-989
-749
-771
936
-550
36
928
927
173
-10
246
8
-838
-708
-696
348
-419
946
30
144
376
774
-3
-606
283
420
-711
182
-676
314
190
-902
316
-360
272
534
10
-871
458
811
-310
238
-546
-385
-164
-776
-130
995
-635
-946
519
679
357
-385
787
643
807
-738
-382
636
14
289
731
-34
220
755
-307
367
-603
-572
-985
-326
256
117
-482
393
-860
-855
64
508
994
891
-41
-824
-222
937
-564
260
-509
-638
-971
627
986
645
756
722
703
-499
421
948
-948
781
790
-236
-366
753
-766
892
-51
-6
-730
-744
576
-37
933
-431
26
-455
486
-343
498
301
907
-235
812
-608
-339
-89
-715
-241
462
185
-179
-127
883
867
904
107
339
580
-576
641
-809
-280
113
-789
360
-220
607
-588
-455
21
-508
917
-86
818
-964
-119
-261
-817
222
323
370
-118
592
-740
792
-579
-324
-575
-899
-888
827
-317
228
-81
407
523
-824
663
-379
-388
215
73
-848
-286
272
771
52
-806
274
-303
-558
-454
-347
527
158
-906
-957
671
-252
393
373
-778
-332
-865
-379
-957
731
733
-277
494
-678
-868
346
802
-134
-396
-559
508
-395
627
185
-331
-351
-440
115
-12
469
643
112
98
177
-86
201
696
-574
-684
55
-534
-578
272
-277
514
401
-684
546
917
-879
-115
40
-552
149
-624
133
-671
-958
-392
-958
319
-44
917
-188
237
-846
-908
56
-865
372
-698
-797
-440
443
950
-411
-274
696
-608
-771
619
39
142
-958
84
-849
293
348
473
-719
181
-587
605
683
505
450
-766
-810
320
-805
-848
217
375
-873
125
-686
530
650
110
-432
-333
-893
319
-658
801
526
-341
459
408
748
-92
489
-769
-143
99
-211
-490
-564
526
391
-929
-582
141
295
-907
-138
-103
-365
-479
403
-499
-449
-349
660
34
-834
-770
-346
-46
-925
-287
525
-29
-548
-434
388
680
-43
-639
379
-435
-819
-532
-775
867
-813
-57
-957
-379
-913
-679
-763
181
615
513
464
-558
-945
537
-569
-387
686
203
764
-897
-122
-829
119
45
-659
-702
-829
-656
-707
-621
794
-363
277
510
256
555
-705
-682
504
-915
253
937
418
-740
581
449
690
711
977
123
827
-583
-816
464
60
961
924
586
612
588
47
-582
586
-634
-606
-168
-923
-843
-386
151
-331
987
-383
985
-639
-715
861
699
-317
-504
-924
356
494
759
729
-466
58
996
890
252
859
444
-695
856
-706
-378
126
739
-945
-688
68
-38
-585
763
692
312
-34
-603
-262
674
-462
362
-860
-847
574
-627
76
18
-601
-559
-664
421
396
-32
964
-757
-503
-577
832
-938
712
717
123
632
-559
253
610
110
136
244
643
702
236
-874
-543
377
283
98
-37
838
579
306
34
215
924
-948
37
-783
935
998
320
-370
172
-177
117
658
688
920
-460
606
21
235
-969
945
888
-699
-296
338
814
189
-742
-996
699
47
773
289
699
-262
-17
641
525
-711
-473
-631
-781
-137
822
-635
172
531
-370
484
-645
-463
-838
-795
-635
-841
-396
719
820
-393
234
-716
121
259
449
596
-793
-368
174
-361
-238
-680
693
-8
642
883
100
-476
701
-924
384
767
-194
393
864
-300
-832
-247
998
-504
990
131
473
-887
945
364
-27
944
-445
217
-428
-427
940
148
-938
51
914
600
-65
-669
-280
-349
-162
-273
-476
55
188
672
831
235
384
-823
-368
-53
-613
999
266
-156
-186
597
789
751
-549
-219
-717
676
800
-73
-172
69
-913
-84
-848
449
907
925
13
282
-382
-214
-89
209
545
791
260
-143
-45
-664
-801
-990
-696
-488
422
168
819
535
658
-656
671
57
760
-330
981
767
908
-170
-150
-79
43
-129
-841
-730
491
-51
-902
-289
527
-145
-564
705
-156
317
452
-544
476
-624
781
-106
-879
-239
-459
75
-441
-317
203
652
383
341
-354
710
-659
13
484
748
-482
-711
995
261
-184
59
143
719
547
-667
33
98
13
-72
-192
847
455
931
-921
774
533
-421
-135
918
273
353
-616
779
359
-282
-961
-879
819
169
-803
401
554
-950
-116
-144
756
277
925
541
-136
260
277
845
-503
812
196
-954
-30
805
-915
-888
-173
660
-959
-103
-734
255
606
952
965
340
790
-401
310
-782
220
354
66
-39
-543
-145
448
112
-750
434
570
869
630
892
-350
170
-81
390
-761
683
-377
49
211
160
391
-107
-687
-242
949
-539
822
606
-485
462
-339
149
599
434
-585
795
698
-162
-108
-637
-996
83
-239
523
745
450
-919
-316
679
521
447
748
522
-319
-702
26
817
-313
602
-451
281
891
720
-692
255
459
-137
28
-612
-844
-177
-939
-655
225
815
-638
777
-756
293
-271
47
-567
782
862
525
-159
305
179
-408
-978
-989
64
-128
939
-846
241
-833
933
-914
998
-626
-283
353
-455
-849
-106
-349
405
73
-549
88
-455
673
-144
181
816
21
-954
196
268
757
-44
-653
-836
721
838
-146
-867
-706
663
-242
112
667
-96
-248
-760
842
-42
-263
-541
-352
30
961
-589
231
-847
-782
-867
-584
941
37
-589
-839
-575
-548
169
260
-383
226
893
261
-236
527
870
736
633
512
731
-541
-815
945
167
598
-433
-295
227
822
-400
499
886
948
697
538
139
-686
-593
-969
490
-855
-28
-684
-941
544
-24
-593
413
542
392
-893
894
601
258
-211
54
419
-357
553
83
257
-361
193
-791
463
-973
-240
627
58
-693
133
533
572
900
721
100
-400
340
-139
-475
373
184
-407
-694
-1
-836
672
-969
-793
-886
-1000
768
6
62
978
994
769
-759
-368
-772
177
-70
199
-468
-561
193
664
-661
930
234
-296
1
-787
-766
-112
-567
-963
-650
-248
813
130
-195
-519
703
-856
-325
-984
962
507
-147
-543
93
-686
-215
675
800
942
-131
482
-789
-797
25
9
-74
-675
-149
117
298
-435
424
-166
-807
-129
-69
-250
214
255
413
-33
740
102
543
377
-734
-438
-50
5
898
-628
-250
87
552
387
455
692
955
345
959
388
736
-972
124
746
-697
653
265
46
729
-326
-212
-800
814
258
210
140
184
-154
379
-936
919
-626
113
-776
112
500
-219
-254
476
793
513
-320
888
517
-158
-116
-286
-572
-932
-206
-437
806
-513
926
-259
-240
906
405
767
50
-390
-372
110
270
-353
-418
309
-191
-924
-340
-43
-62
170
-163
621
-43
-512
-361
-430
-501
142
-853
-933
-574
111
-658
-549
602
-273
-469
-600
777
-219
587
-877
197
-306
222
355
-775
849
-846
636
100
-395
-367
570
-713
457
-124
-485
769
622
994
383
