-361
245
190
-112
-602
816
-796
357
675
-963
-86
374
605
-153
203
-534
-474
-851
-62
-262
-365
-297
947
877
289
260
770
-557
975
-367
-872
562
358
236
279
-481
-569
-477
-562
62
290
-923
665
-930
-384
-742
-811
-294
783
57
465
-114
10
-976
914
-637
340
-290
-113
14
-336
-414
-270
487
994
708
-621
-514
-749
354
534
-961
-276
383
-345
-723
-832
327
792
-1
-60
-113
50
988
-282
-297
956
613
-936
117
-771
-588
44
517
-383
670
-126
-435
-548
677
-380
354
274
-34
-176
-570
-907
249
-472
-307
400
-29
567
535
114
297
551
31
-797
955
375
-799
-906
-308
217
350
252
-276
434
582
666
589
563
-588
-358
880
249
952
-184
-302
95
861
732
-174
432
518
955
693
794
764
-333
-995
144
898
-478
0
-171
95
-692
-311
399
51
164
-556
-702
-578
-377
165
200
811
621
887
251
581
865
560
-372
-69
-908
944
649
-623
-345
-392
812
968
-355
-67
-936
-968
19
825
-51
-327
965
-923
872
-412
507
-114
-607
-878
-6
-223
928
-191
102
941
607
153
279
550
160
820
303
-925
734
-613
-512
825
91
413
172
193
-103
307
-448
-180
641
624
19
-297
983
157
-268
478
333
-664
-521
263
-375
-785
634
671
-914
727
-930
-407
-563
897
-374
457
92
178
-991
-750
-31
-453
-653
-586
171
-248
167
252
856
207
798
362
21
-767
515
309
805
-358
659
634
537
432
680
899
159
88
477
123
66
-134
-713
-334
335
-261
-344
-590
-510
-327
-124
923
-717
210
-765
-723
-669
-258
237
557
319
820
347
148
545
-82
207
-369
-177
-352
377
377
-703
618
786
-150
-238
-951
807
114
993
-828
-617
587
-331
-311
601
203
879
193
-568
-840
-953
-900
9
284
515
-329
88
19
-132
991
-457
881
146
558
955
-738
40
-762
83
498
-766
-616
-842
-244
-910
-68
330
-611
530
678
-804
961
859
203
314
368
-979
733
-198
-656
267
-917
-87
1
-524
-932
773
450
953
15
-31
574
93
-985
616
662
672
99
727
500
-837
-655
-995
506
372
-433
-193
383
190
769
-259
888
-392
44
-679
735
-886
10
399
655
242
-146
509
-262
372
675
-418
-168
8
870
804
222
-587
-581
-884
-452
583
296
783
749
460
643
217
684
-672
309
20
95
661
949
-98
204
443
-933
782
-395
-494
583
-751
-572
960
-604
371
647
-351
-774
634
147
-915
-721
325
-667
-138
-996
-441
-619
797
348
651
-490
728
514
-831
-561
129
-786
-837
-932
596
25
133
-674
-36
197
426
-533
-351
531
-52
99
-260
-507
150
-830
-441
-659
213
-643
970
549
-209
183
884
428
54
576
-85
267
-249
635
11
-306
-150
466
-32
644
425
-508
-753
209
285
418
-420
-488
516
127
-834
-328
-248
-473
-585
800
434
-566
448
999
-57
398
-603
124
827
-457
147
-767
-832
-33
915
-458
-973
296
-87
315
-703
72
530
8
215
-464
-306
-476
-540
491
189
-342
187
-635
832
-431
-810
155
-819
830
-394
718
-187
-600
428
-812
-906
-411
-589
-526
80
-19
330
-237
539
983
436
-210
966
211
553
129
266
-70
926
-321
-413
943
-396
-732
-342
-468
164
448
794
974
979
-22
-358
-199
695
-997
94
30
542
-155
-617
947
119
-587
-311
533
685
-892
382
-687
344
-265
-277
268
900
-724
889
-204
618
77
646
-337
641
-456
504
275
84
663
-697
-61
-975
692
-388
-936
217
12
-855
442
-930
70
326
-326
-19
800
-132
-570
593
176
846
-76
937
324
177
-204
570
230
224
384
-939
-123
340
223
-807
-831
-414
-401
-799
399
-725
-104
-336
96
578
987
172
-764
-340
-630
-194
690
172
670
115
-731
527
-79
846
-451
-257
350
683
680
78
-40
-471
-189
-570
399
-588
691
118
782
-88
-134
-693
959
683
-850
292
989
-557
156
506
-178
-513
268
763
-367
-942
-508
-585
887
115
594
481
616
-91
-765
137
280
69
-379
730
823
760
760
383
890
-872
-79
431
-292
480
881
-855
-382
657
-603
-976
-994
777
479
-289
-918
-552
-874
888
891
51
-383
-701
-839
64
163
-579
-920
-90
-207
-512
-862
495
-991
244
274
-461
764
235
716
-470
-612
-571
361
-649
-503
-183
608
755
70
-517
384
-354
791
-642
935
236
712
145
57
726
-338
195
236
-501
-507
247
477
722
-150
977
-484
-742
668
-406
238
41
196
-246
841
94
203
-342
319
-359
460
-355
325
-300
-889
-259
-336
217
792
-31
115
536
-698
554
298
-581
376
228
-208
132
-255
-570
-340
270
911
723
945
-459
-620
-504
-13
852
-455
504
704
-496
-278
62
164
-163
398
-838
-672
429
66
-716
-197
265
391
285
847
-110
-35
-963
-641
-437
-165
651
804
731
961
313
335
548
-74
-494
-531
-5
514
-617
761
648
114
-812
-560
-795
-73
915
-603
-48
3
-528
-677
-63
-286
-946
-445
-247
697
660
-387
-479
-586
-689
336
832
930
627
-26
945
14
-281
302
-812
-838
638
190
803
-899
925
558
324
615
-213
-67
-447
-502
77
144
-995
547
-717
-593
-516
-385
-688
-294
243
302
-894
564
-411
107
-473
-917
566
765
823
-640
-788
990
147
968
278
-147
-718
961
668
873
250
281
110
547
-409
-222
-105
603
-15
-730
-745
-699
226
-877
42
-160
471
139
-574
423
-906
740
-153
-836
135
283
575
-644
448
847
-194
277
-616
834
-781
-358
286
-914
-286
559
419
964
113
642
268
373
-229
261
554
-807
668
596
520
373
-942
-470
-135
-910
81
283
-341
354
-22
272
839
81
861
129
173
-413
549
-113
-444
-809
903
-289
44
-951
-883
943
-348
-780
-864
52
-786
-129
-56
318
-665
-765
-513
-653
-100
29
-311
227
441
-322
-132
995
624
-467
978
-124
-389
-510
117
194
493
-57
135
-411
-647
134
988
-884
903
124
-85
-644
485
-273
443
-415
-551
-813
81
-292
-666
-678
-827
-774
-819
314
-181
-966
594
108
501
918
396
-67
910
894
49
159
-974
833
-493
110
-20
-209
-514
-371
-179
-147
-811
310
-950
-150
107
250
537
-684
-793
-874
-69
836
569
485
-427
194
-734
646
610
-306
-61
998
-409
590
418
114
413
-882
398
-961
-691
-7
-612
89
-313
-662
277
52
527
591
468
-41
-461
738
907
224
827
-152
-949
-929
224
592
-976
-521
657
-72
849
960
359
130
-395
339
-304
-699
518
-583
130
-987
761
-549
680
-818
-75
-807
283
49
842
944
-259
-978
221
-276
-921
255
807
500
896
-981
815
-799
732
-191
-667
-712
51
173
-771
-826
-171
-963
580
140
722
840
-131
-482
-931
-424
-481
-472
389
-489
-648
82
-898
-717
-356
-405
-39
474
-605
-252
-937
573
79
461
-270
677
-827
-637
-236
-130
612
-710
789
-24
678
-174
113
-949
-363
-73
-660
-939
583
-770
-769
951
849
244
-619
-664
-636
-672
-425
587
-655
974
356
571
553
-28
98
-693
104
-699
255
-649
220
107
-363
-372
935
-884
-812
-505
-218
-36
-140
-564
-171
679
284
-141
676
692
-154
123
-542
592
428
344
-341
-178
-250
913
955
-453
417
221
-699
479
-27
140
556
-194
-933
946
-244
169
-756
-384
-154
348
-348
462
-363
849
-367
394
-697
685
-293
-534
-323
-637
-340
-317
651
-825
835
-254
-112
-884
613
320
428
665
-467
90
304
662
921
-760
258
-855
891
251
-286
-606
-300
-658
942
716
-675
-188
-565
566
114
219
-76
-400
-174
-852
-754
-878
30
241
921
701
138
490
-803
89
-252
385
151
-644
811
934
518
-421
-804
-928
-548
873
-606
-63
-558
-517
-439
160
-861
-567
-704
-206
-158
100
-175
-674
325
-88
-665
946
-47
294
-274
218
177
-255
964
-360
975
143
-175
-757
457
820
454
749
-642
-605
-303
-355
329
744
156
699
717
-317
-62
926
754
752
-154
-866
677
47
-78
859
891
-125
162
280
-793
246
55
-938
-853
-966
-584
512
609
-851
-951
-170
404
495
978
-71
979
115
381
-170
-78
-449
805
394
996
212
644
839
-809
-546
-894
279
502
646
-472
-575
701
-869
355
975
848
-592
400
-639
-335
-665
139
-868
48
995
-131
206
-187
39
980
767
97
343
-505
936
-338
-53
215
-255
744
886
520
-535
-107
732
-33
233
-383
-216
54
-230
-856
-188
-247
106
87
822
70
-994
992
863
-586
-947
-673
-389
370
-262
342
-133
115
503
50
300
-679
285
-366
222
440
-518
-330
-513
783
-423
-567
772
92
10
978
580
-656
-160
-450
614
-741
-707
-94
549
13
-624
-441
841
422
202
922
668
58
-531
-306
-418
-802
-513
777
-106
764
914
145
-229
-714
-360
-216
667
-389
238
935
-513
-826
697
933
-73
-320
389
462
127
637
29
81
-21
-374
-4
430
758
395
887
-615
972
376
285
144
-399
-534
581
-544
758
-972
-903
-716
229
462
-639
-203
34
-860
32
531
-324
-224
-251
-752
-289
-602
-278
253
762
923
659
220
-365
63
986
-500
-391
391
-392
349
755
-489
451
305
-511
-156
129
-812
-504
550
-448
89
-592
-38
381
949
915
-534
-339
-801
292
-203
-835
-607
88
-638
-763
-915
852
472
888
950
591
307
490
-927
511
322
-973
539
286
-596
381
-13
126
118
72
-541
-701
-122
562
347
286
830
-42
37
-376
-521
-883
-397
639
-344
-965
-704
320
190
-405
-25
-818
534
-175
-126
0
-757
-247
257
112
-822
-980
-307
203
221
220
-925
-391
-480
-729
5
-638
857
-620
-648
-203
536
217
58
-433
-363
957
-983
145
-920
156
-979
-720
704
-165
946
-647
960
792
237
597
730
568
-752
-430
-668
483
382
49
-56
-616
-777
-303
-542
731
511
747
-626
701
107
-344
628
508
-631
985
-752
626
598
355
-656
786
-263
-232
732
-593
-638
625
-212
-254
-589
-842
-445
560
259
758
-872
-25
338
-935
-139
-907
936
-779
342
-580
541
958
205
123
904
-112
439
-798
-516
-713
389
-903
-600
-143
134
-447
-403
0
861
-680
429
-8
-107
-341
719
-794
-146
785
-468
692
797
-483
-790
154
-346
893
322
-252
-534
-365
-745
-992
-345
-858
-694
-147
659
877
-987
132
-208
503
-143
-549
627
-43
-624
-547
464
-227
167
-17
-589
622
474
-31
-924
-415
774
682
507
9
297
311
-20
-160
-740
354
-393
-919
14
-3
87
-899
786
-407
364
-756
326
268
-460
147
-690
-797
-218
546
-485
-714
-624
-84
-862
41
-33
414
-356
837
204
420
-165
-297
527
365
-172
2
-542
963
697
-60
889
-706
-81
534
161
394
676
529
-593
980
612
9
-202
37
-18
976
-820
386
603
-323
626
174
421
-956
256
-357
255
469
810
-658
65
-786
-231
752
-164
465
-878
-51
465
-75
-79
-979
-689
399
-71
-625
-964
336
-653
686
111
779
-944
-813
751
-110
260
-486
834
658
-337
583
571
-697
-427
475
922
949
-928
-337
-158
768
-212
401
-821
-665
731
-750
890
-985
-16
872
-793
742
551
-332
188
346
-883
-127
-103
-586
-510
-546
-357
938
31
-82
682
332
-922
336
-310
-192
666
207
-609
-693
-537
-738
285
-549
993
-558
-130
410
-238
957
514
144
-857
726
-749
315
267
-575
574
991
130
492
523
844
21
630
-273
-249
690
-573
263
-793
394
-728
-33
776
726
483
-205
-835
-65
-194
-33
-603
178
-774
-516
-921
-174
-776
346
861
-261
-451
482
-172
-964
-464
85
-279
-743
-927
-873
-843
214
128
266
-646
-926
-454
947
-597
-742
-850
707
882
934
-518
-550
435
-596
972
-660
-134
-618
529
431
242
875
57
212
-93
262
-53
-507
-346
55
-930
847
113
-782
-144
59
-649
858
634
-295
618
-910
-660
-649
-685
153
936
238
941
865
-358
-710
-800
-539
-983
593
-34
-376
-776
-490
353
-730
-541
137
-829
-223
-227
-218
-438
37
-468
81
478
-866
-885
328
-270
983
-511
883
0
481
-33
500
933
764
-26
-124
481
63
157
-775
-813
-647
-516
330
377
415
511
409
914
1
-846
-449
233
-548
735
-821
992
619
-279
651
-682
-980
-956
-131
194
419
-380
23
-688
-950
-135
134
719
-50
822
-867
952
758
-508
845
-478
-351
477
-155
-196
970
-519
358
-463
-421
-918
-919
-174
-61
-606
887
-932
388
-488
-20
95
-527
-677
-534
-498
-5
304
850
470
338
89
89
677
899
-153
446
-839
-331
35
-683
298
989
-75
496
909
715
381
68
408
941
609
-716
-949
-486
778
-423
618
-245
641
88
-875
70
625
-127
644
-914
-612
-449
940
321
-693
-642
-46
939
76
674
746
-500
309
-385
-286
-332
-747
-352
-665
-839
863
-431
-750
-93
381
-811
279
778
946
-871
-588
444
-738
-322
-527
-820
252
-455
356
-458
-857
803
-617
250
-794
-146
-498
763
259
241
3
269
-444
-695
-655
973
939
522
-325
713
-531
-148
-374
-525
353
645
123
695
903
-852
363
-442
-506
-845
-459
-140
-115
788
-640
-469
-780
76
-55
-673
-372
-684
839
906
-721
-592
980
-773
605
-461
-810
191
-291
133
219
661
-115
659
-85
-48
621
659
162
-266
11
-183
419
-746
975
122
-344
131
733
124
67
446
-757
-133
-541
-875
-633
904
-223
-116
881
-324
-798
905
943
-426
478
-388
910
708
306
961
-106
-363
679
-776
993
-997
669
-254
562
892
-156
-675
300
411
345
757
548
-185
221
90
-51
-425
-113
-506
-486
885
-357
289
-678
591
-969
931
782
-974
-840
-976
-138
-498
-411
594
-896
-159
-355
437
-340
-546
-846
427
-69
109
-20
-385
-693
-152
953
-14
-715
-394
-736
793
-825
862
-234
-543
455
539
-90
-735
-993
-431
31
-841
-993
-760
-680
922
-538
-318
-975
681
-438
945
881
745
583
-912
-404
644
-353
-24
-918
180
-445
805
285
754
667
813
490
185
-308
318
193
894
-575
-404
-965
636
-604
-916
-200
-627
984
228
625
-696
-595
-614
-410
716
948
-557
710
-494
121
-562
-970
-770
480
593
996
-39
-644
960
-112
303
-409
-573
980
-189
832
-992
-109
124
-230
28
856
-99
315
219
-830
-268
249
-336
-326
386
-565
-152
138
383
-169
122
-456
295
-785
-322
625
-657
471
729
-598
-927
-895
-754
-686
15
-906
695
-891
766
46
-762
7
-458
983
-822
179
-405
205
372
-366
739
452
487
144
705
587
-572
743
710
766
158
52
-538
537
741
412
-339
31
-480
-947
788
101
-725
-285
-280
-448
489
612
-659
408
154
428
129
-646
-769
-987
-459
943
789
-811
-269
-962
-992
-76
937
62
-809
367
-681
916
-490
-634
-60
295
44
802
-302
-86
-798
101
-340
264
960
-622
-544
761
370
-783
-835
-655
994
-314
782
-698
932
-781
552
698
-949
854
229
474
576
885
250
21
687
-244
221
173
-591
-710
-21
-319
788
-765
884
-535
-781
-888
259
281
517
-806
161
-126
574
-127
-995
-836
680
209
-841
86
295
-745
256
-963
387
-732
-112
-480
164
346
-796
-930
465
791
298
-580
-571
550
469
-349
78
82
57
-997
386
962
336
975
-492
504
799
219
-123
215
90
-252
763
731
-471
-639
695
-644
-103
-679
-223
115
718
906
-262
422
231
168
-928
-249
694
-171
-566
-981
-536
-827
-889
-236
-626
596
-845
-363
-573
967
-617
54
92
301
-963
899
178
-968
-497
620
135
-277
-758
164
478
-831
-532
-399
-151
-591
-512
-644
-247
207
-158
-346
-497
499
-348
648
592
662
-482
59
-972
970
-750
-340
554
-277
673
-81
-673
-513
32
-413
412
-450
400
-582
750
312
-838
488
796
535
216
796
854
676
-855
555
508
-311
484
416
228
-246
473
-519
-506
877
-515
880
-128
270
-364
893
38
401
-868
-80
139
-419
383
306
909
-21
425
-688
195
-778
-833
-653
422
-684
753
391
938
589
541
-674
-683
371
628
445
88
473
95
676
-907
-690
-977
-435
814
433
-393
330
128
197
455
3
-276
258
974
-995
574
782
364
798
339
329
-363
945
469
-886
-831
-163
-575
-254
-972
-574
-677
14
570
-96
-601
391
-213
-304
361
-886
876
651
850
454
162
-621
553
867
-941
-795
-321
-268
6
503
899
670
700
235
-142
-309
-955
-72
904
-99
585
-784
542
-654
-654
151
933
-613
-847
-235
606
333
-50
-186
-293
-731
-61
-18
687
-691
-156
-733
711
-560
187
-882
127
499
-453
142
-698
803
201
-270
296
-378
548
-753
-105
555
62
-476
-846
436
784
599
-519
-981
299
470
502
-603
-910
850
-633
548
160
742
648
-100
-342
-645
484
-882
936
-87
-642
410
-365
-360
623
-114
55
151
-217
939
-925
-924
-720
487
844
332
-743
96
-449
726
-528
890
-143
734
-405
9
121
-527
411
-552
152
-562
751
-574
-40
-181
268
-975
-849
-646
-132
-354
829
-649
879
624
-62
324
-486
-171
946
809
471
115
-55
-521
-366
245
223
-808
-836
-950
-765
-251
111
-718
546
-30
-346
-75
-646
489
464
-19
-662
-151
-343
272
659
357
-305
319
-848
-968
236
600
678
-298
388
522
772
11
-520
590
-252
-913
-776
584
-7
76
837
-890
117
385
219
-905
748
-74
-658
775
-447
820
-882
-545
-522
365
961
617
307
450
164
78
-440
-647
-806
-974
597
-683
-594
226
-380
543
661
-843
-286
946
-194
194
-981
305
-957
-791
-706
-300
999
879
867
707
144
65
921
389
873
922
-918
-330
0
-689
353
797
772
449
985
77
188
192
849
588
-705
-568
316
175
943
447
-757
-164
243
-48
450
-589
-622
-933
799
22
833
579
526
-422
485
-744
-708
535
934
554
-311
-492
846
211
-568
-875
-471
215
-234
-899
-644
301
-112
434
719
-459
710
22
-436
-959
-258
-272
656
495
752
565
-391
-135
-614
270
-184
361
-918
-116
414
359
-1000
89
-817
-877
275
-422
-425
254
193
-919
-361
958
28
-186
107
473
-241
-967
758
-534
-894
897
-379
-4
442
-596
-594
-842
-772
-561
-673
-622
858
-875
62
-665
-867
-546
412
-578
-69
-240
-997
-238
-812
-993
-630
311
-447
252
484
-99
4
45
-879
-420
3
300
-275
720
-702
578
710
-374
828
279
959
748
-741
-247
82
733
-229
962
876
16
-94
-615
39
-856
167
-665
357
290
904
245
-122
427
824
217
479
187
-227
-989
184
861
237
-473
938
-329
-487
-90
-686
37
-418
-426
-257
-967
506
906
503
-348
-387
-943
-960
-558
-51
-502
-768
-238
122
626
-124
-973
-479
231
502
-907
-218
-820
-973
987
90
-753
-659
994
857
-894
-123
482
164
-534
862
542
419
-353
-256
629
-94
356
710
330
439
110
-583
906
-560
-838
-459
468
214
465
436
-967
891
-749
-140
570
313
-799
-612
59
866
-49
-244
238
-485
690
1000
-596
-624
403
133
-783
338
630
-392
-677
259
-287
-543
-339
-666
-704
726
-19
957
-102
138
-341
-549
-252
-319
781
-185
-162
363
313
-923
-800
-992
383
260
302
-238
348
698
676
-234
-160
622
-571
943
-418
-569
284
238
-947
853
654
-398
-820
-864
430
866
196
239
169
637
505
-671
-596
0
56
-474
462
-290
-416
-551
-85
845
-682
-868
238
714
798
363
-910
717
-51
371
-784
-231
-5
-576
-481
586
-340
872
169
-499
-775
-187
-269
221
-80
-464
499
424
-402
-98
338
960
217
270
967
848
477
666
293
-859
-579
-368
-170
861
-229
291
-181
217
467
-900
148
-794
398
-404
516
116
-552
-740
311
67
30
-725
-748
-825
213
238
442
753
826
959
-904
564
-606
817
494
442
146
-560
677
-815
-260
-568
216
-84
-96
-10
-72
664
14
480
250
773
-556
-9
-270
194
-969
999
-178
-476
-161
-594
-834
431
527
557
362
-511
-611
887
231
608
279
664
-566
-569
-681
-203
382
207
-518
-921
-752
-335
-898
798
-754
129
251
564
-779
-762
851
-690
-612
-601
-892
-185
-610
-678
745
741
804
-451
137
-949
-561
811
242
622
168
-823
164
34
-680
45
-153
-958
-790
942
907
834
-707
875
-486
-713
-345
906
-920
-673
-165
894
-734
-389
-501
974
215
342
-571
-5
-407
625
-8
357
726
710
135
1000
-290
-22
-953
276
-489
520
162
-968
603
-774
-334
-353
172
-377
842
-879
663
490
649
215
887
-72
788
-841
-119
630
-271
-19
-649
-779
451
311
878
-410
-555
-475
-941
-286
-478
-938
-902
774
215
359
624
120
-585
456
377
737
-777
-464
89
-501
349
-505
857
364
-839
218
802
-228
-100
549
571
-387
-924
889
324
7
-517
-124
-769
-103
-265
-876
199
581
-645
-577
-113
157
64
550
47
-622
-279
-955
66
-935
125
-851
-532
-988
-583
871
635
218
-124
-542
-155
408
304
-163
207
719
-404
-959
-468
-359
882
-375
-196
-251
483
-940
318
426
-817
390
939
979
516
-382
-678
-156
286
-507
323
-979
-691
-656
503
-965
-599
137
-281
856
-77
-863
-254
-320
-207
-937
970
334
325
746
-758
351
-328
-985
27
308
397
243
92
-184
-326
3
-386
787
47
-931
-653
547
-397
-228
-862
298
-996
-884
-265
982
-742
-542
364
-308
-941
-737
726
-918
-778
398
-632
467
-794
820
93
664
58
706
-382
279
810
-434
-997
-638
-143
-45
174
-559
681
374
-97
-475
328
818
708
-451
-458
-362
-164
-971
-343
-74
372
992
798
581
186
393
-147
927
418
679
27
273
548
-46
-657
-102
-856
802
-65
-865
386
385
-360
624
748
716
-593
376
730
-449
766
-392
882
202
726
793
-416
-135
341
719
-275
-902
-331
-337
735
994
366
-808
2
-270
810
664
-828
-523
636
567
608
407
870
225
-962
-80
141
141
-689
-427
-397
-975
-38
720
-260
630
474
-849
-872
-971
308
257
-646
774
495
15
157
-902
-4
-647
-345
187
725
-525
-549
479
903
-738
342
453
-685
-722
-213
-673
-247
-474
-487
121
-824
-251
-176
-113
-157
666
531
339
-285
437
855
731
921
215
254
110
283
316
-967
-898
-730
552
147
648
-585
689
-886
-91
-730
433
-83
604
507
396
-204
717
-126
863
-525
634
-925
-41
468
952
-982
864
-786
-111
-209
139
178
754
973
736
408
-686
-733
-111
-115
431
-502
-880
-19
218
-200
-828
-696
-169
379
746
-921
679
928
-485
-640
735
688
-255
-519
740
-476
674
88
246
-253
-242
-551
-65
5
516
-845
-698
338
-35
-847
-486
874
688
577
776
-620
-320
-157
-671
38
-903
-204
475
-28
331
534
-438
-940
-81
-6
-641
861
-847
-525
-204
439
-590
-549
-151
-246
-146
466
17
-39
614
-722
-868
780
-845
-506
771
269
-711
311
-422
630
-513
-889
-410
585
-693
859
-962
505
-483
414
-456
-126
229
612
-400
689
-937
349
634
640
-58
669
-82
-283
-425
-398
-569
786
-615
-438
-455
615
670
393
-89
-914
-563
-114
-752
-198
73
497
72
-655
-778
412
-545
-241
244
893
-560
93
501
160
-432
252
-800
95
875
-751
705
-948
-944
973
-494
76
-614
-235
292
-484
-41
-825
-843
307
575
-928
-768
629
334
406
924
271
-405
-579
-495
660
525
778
-301
610
182
426
709
326
-43
-615
-718
377
97
61
456
795
870
643
-626
2
82
650
-865
-348
219
-868
249
-508
479
249
-412
-179
-348
-825
903
-776
-494
-208
-177
-20
-775
192
-641
-314
-875
-305
992
221
-226
242
-429
609
-704
-326
316
-404
-902
236
-585
-519
-155
520
-850
-720
-9
122
298
124
164
53
-508
-241
343
-776
440
860
695
914
222
-298
-171
67
628
-473
-907
-439
-307
321
876
40
-785
848
535
-452
969
539
-942
898
821
-366
156
-956
-513
861
320
55
-121
519
-442
796
854
955
11
329
309
-156
-721
-317
327
169
-307
44
866
-421
200
-562
888
-213
-607
-728
512
-178
533
-66
-575
-738
835
-972
460
636
716
848
-334
860
-126
176
897
976
943
-175
-859
-283
303
-925
-401
230
354
206
-198
-144
770
124
617
688
352
-174
-199
96
930
-830
-48
916
770
909
187
767
594
-697
214
393
882
230
-680
-177
-108
-124
577
237
125
-248
-483
364
-294
934
-297
433
214
680
-424
-768
-803
-800
-874
616
390
-391
316
-485
447
457
-465
-495
-618
832
-797
932
-720
-756
38
323
-452
936
640
600
-219
570
177
666
-778
-137
-671
-274
666
343
-421
78
877
-960
-690
69
287
-17
345
945
-457
728
-29
-993
869
-773
-97
866
562
-765
-914
556
-992
-734
251
-253
244
-956
-566
117
-423
824
-610
-983
678
383
936
-61
-415
702
593
945
12
-203
143
-101
-132
-730
715
293
-210
-179
-280
125
279
-535
-338
-598
-355
932
-706
392
-538
-893
785
157
243
363
-630
833
-101
275
-38
701
-18
-426
-138
281
803
591
-256
920
345
-339
235
677
-46
408
926
-275
151
-358
-470
553
-845
249
874
810
85
950
397
-86
-318
877
-452
-442
622
-244
-283
152
624
792
-946
-191
-766
231
116
-99
-480
-246
370
44
866
-470
-801
0
194
274
-361
-849
-645
299
643
-115
-517
-694
151
-427
-155
-190
461
403
565
-294
-424
114
-895
-756
-477
55
25
-571
974
-915
-277
-949
-696
-25
266
878
824
-692
943
158
-264
-116
-738
-278
-697
-127
678
276
-799
166
162
295
-919
-487
889
-510
224
-743
201
-958
-971
0
481
-509
804
-936
-836
244
-662
200
-137
559
908
-760
-781
413
-755
961
-712
-827
-444
-814
845
-952
354
-544
-814
-833
793
-986
264
326
467
-422
930
911
190
968
-599
-180
481
-890
564
-779
877
436
-385
-456
736
162
-398
657
-14
-554
-664
-872
-57
564
-40
990
-909
76
-195
-728
697
271
413
46
-100
965
-43
-266
-190
-931
-118
-160
-858
-160
997
-779
519
-403
-147
469
-475
-368
99
329
228
640
-930
-941
-448
-849
627
239
-500
846
855
816
309
-421
774
-205
-541
-290
-929
-116
-914
643
-183
99
-607
356
67
-231
406
-144
-571
844
987
-485
437
48
-316
-489
-271
-807
519
-656
-257
-302
304
-433
729
-846
-729
-389
991
-152
703
867
608
190
-355
-288
116
-605
924
621
531
213
442
353
-425
-604
-605
-7
454
-147
-514
62
-466
995
498
-59
-145
263
710
-276
-593
523
-789
-728
-164
-174
-290
-562
-311
-592
420
571
451
358
325
652
-592
-353
-710
570
-582
-493
-240
-532
798
852
379
-362
542
674
341
-293
874
712
673
-944
373
317
-113
-638
182
-953
851
-134
348
128
144
871
690
861
-250
965
-732
-515
79
633
876
72
-341
961
-214
-371
742
-486
-881
-83
852
-95
-778
254
-846
-31
223
471
783
-344
534
173
328
-615
194
-985
168
-61
986
416
916
813
192
-351
117
-630
212
-261
12
-457
284
-955
-566
849
973
80
-584
215
-380
681
190
187
504
860
418
-541
33
-239
533
376
601
-514
-719
773
705
-548
-497
-402
663
314
120
-923
849
-926
255
-894
303
-711
77
634
-829
323
381
100
871
658
514
-17
-363
799
-366
-631
-468
148
-258
68
-91
152
98
-863
715
-714
-46
974
337
-145
30
283
962
574
-772
-215
-586
606
-574
425
680
687
-87
-902
-929
441
-126
374
341
166
581
-991
786
-129
-52
41
-422
-163
-801
577
38
379
-640
429
-703
-264
682
137
-201
-925
-200
878
416
658
-306
748
247
-629
-36
-214
602
-770
-743
-900
244
-555
-170
12
-268
-966
524
-668
-621
-622
293
973
416
-157
782
-520
-474
-637
405
-765
289
-218
886
414
0
233
259
-895
590
-686
-420
-605
-516
-774
589
-637
487
-561
-324
440
805
-418
235
210
565
-516
-958
-723
253
420
477
-901
758
504
720
-175
92
-936
815
-80
-915
-521
593
490
212
607
-277
242
-420
-192
-676
137
48
490
882
-237
-739
748
65
-801
258
-386
-695
32
535
-169
741
75
-590
-293
-907
-108
870
49
-170
772
-793
-473
-320
-593
-871
711
-137
827
82
87
710
548
494
-278
219
891
750
308
615
575
373
701
-562
229
422
-219
-849
-994
764
873
-564
638
-529
-774
549
-386
-770
-487
-333
-413
-345
123
755
114
63
671
318
438
-290
849
0
391
634
115
-313
-687
328
920
153
-226
-368
853
-70
-400
-345
-46
734
604
23
-628
799
-454
963
448
-984
-112
-266
-115
540
574
-384
844
941
511
-558
318
979
-239
-40
-486
268
278
-381
-996
-654
-949
337
-198
-262
-399
30
-999
378
424
848
-751
293
827
968
877
-800
-524
-64
325
-455
422
346
-446
-426
-944
558
-380
-349
327
395
-581
313
575
335
-727
-206
-214
370
52
516
-197
-570
-792
551
47
620
194
-607
-295
-402
-116
-256
616
-927
479
-570
-710
-273
-593
482
-252
696
362
108
-674
-182
-775
-68
-130
-952
-26
440
13
687
-488
-755
157
120
-495
409
-739
-223
-951
-397
-196
375
-3
850
-307
-782
-415
-593
253
825
971
-477
160
968
412
-288
-90
433
861
-982
-759
345
-724
-834
591
589
-618
493
6
442
-312
534
899
433
982
-20
435
-977
554
-669
729
522
-581
931
-570
-304
-921
-617
-720
253
-722
81
-507
759
-834
-879
635
249
-743
-721
-159
-75
712
388
470
719
747
-130
37
-526
167
-88
153
383
488
-308
27
101
44
-125
-575
-522
683
126
821
666
-750
-135
-132
-654
-62
-403
612
-788
151
-197
102
-997
358
269
-142
197
966
-82
-25
609
-619
393
-231
964
89
-764
-361
-643
180
204
-205
-489
801
-269
-143
-107
-209
543
689
-148
-757
500
153
17
-46
115
-705
345
-116
-666
-465
598
-122
-309
-637
-748
-261
226
-26
1
821
627
483
809
-567
856
920
689
654
-620
430
392
166
141
-738
246
-343
115
-930
-208
-49
-40
315
560
-897
-565
886
-282
338
627
-216
6
162
-975
7
246
-348
-395
967
674
-916
844
592
109
-469
-441
-782
428
-8
666
-715
-469
-606
329
341
336
-889
-674
-943
-547
-824
21
-686
883
-831
17
523
342
313
-293
-58
672
554
358
329
-683
137
-382
-907
749
-148
-169
-707
773
-557
661
-706
595
-939
-665
-154
-216
-152
-987
-269
342
-828
-604
-17
-837
-16
-274
-327
529
-882
940
765
691
711
-49
-68
678
125
314
-456
-768
798
-694
942
711
-410
-820
-604
-697
275
-91
-715
796
-521
-48
-656
-992
16
309
747
987
439
129
378
-252
-261
-533
-921
845
103
484
701
166
216
756
661
349
-706
730
296
285
-511
-695
880
755
301
132
-135
-508
-105
-951
385
383
-243
-273
-369
-137
572
568
382
-975
231
-47
-884
357
944
819
-914
852
-612
946
-558
608
-145
201
-972
-818
-505
-418
-594
-188
680
-696
-361
916
426
-915
297
699
882
952
-76
-517
794
-391
-86
-84
992
-844
951
-363
-371
-502
-652
205
-470
444
-510
-199
-863
246
-267
35
891
-115
695
519
567
140
561
-33
68
852
87
-618
-810
394
304
-1
151
-71
674
-167
514
-927
-709
-420
286
695
-375
591
-511
-822
-748
60
358
984
167
-601
-41
-209
716
-770
-441
-219
694
-74
-911
196
-293
-427
980
-364
951
-437
-373
-877
375
-247
-836
-508
-693
631
-592
-897
678
870
668
-820
790
-429
820
-707
345
75
-532
683
-682
-912
-621
863
816
590
-486
-454
638
820
-241
-925
105
687
235
946
731
-508
-529
259
-458
-420
215
-302
639
-314
-64
315
843
641
-527
-166
-893
618
627
-997
-95
-457
510
-683
634
-579
-891
354
-336
-16
-112
191
124
-412
119
-318
-285
-495
32
-368
483
-974
459
251
-636
-867
313
-940
-687
100
714
-660
836
179
178
-306
-521
-997
-737
257
-870
315
-426
898
730
-257
80
807
-505
64
-581
769
437
761
664
836
613
-815
-822
-633
-161
475
-916
484
-281
-595
866
879
645
-787
-807
998
88
781
-587
928
143
300
-166
331
207
-950
-695
97
222
-691
864
388
817
-36
571
-406
139
137
-81
333
-929
194
44
359
646
-213
820
-334
522
761
876
650
-274
-391
793
-964
245
-396
-248
207
-503
469
269
992
171
241
257
796
-55
695
-471
-737
749
-519
-933
4
281
-520
835
-584
-79
-667
-560
-16
-191
-256
491
-896
634
-987
-766
410
-470
899
855
-221
38
524
-723
-440
-695
995
-261
-791
-990
314
-220
-826
401
972
912
186
-940
234
526
-517
-170
-114
898
697
-400
341
-209
816
218
-158
-295
608
-714
-130
-500
-180
-978
-129
-768
-773
-902
160
888
666
-962
-619
-621
-469
823
-450
664
300
-125
868
341
-362
544
951
442
-711
-464
870
590
614
-669
-47
-936
-762
-365
-477
-970
46
382
958
-838
243
530
-786
-438
-322
777
792
-607
889
155
258
700
181
607
160
-619
364
-684
366
962
-551
-892
715
71
-159
-766
-409
178
-984
858
503
-675
-488
-876
-489
805
-868
-652
-646
482
-242
-337
-475
-658
-233
912
-439
24
-706
-411
122
47
-64
540
-536
-362
914
-567
938
553
-725
-901
83
-979
464
235
-41
-592
208
561
137
-227
916
-615
-219
687
752
844
-91
-437
292
-422
-797
-290
486
243
-757
6
-553
98
764
-185
350
232
-325
-90
-852
886
892
-866
-22
207
-495
263
-767
611
229
904
-651
-104
-668
749
561
-604
-883
913
297
485
3
-498
-434
-175
511
772
316
-10
210
366
972
-151
-707
580
495
-277
256
86
-618
660
189
-601
244
-134
-236
229
381
-870
-108
379
-455
133
905
269
778
200
704
439
-749
52
-606
-695
-613
917
-809
138
544
-504
86
716
780
773
496
246
-4
-932
-267
720
368
890
-529
-686
-194
-826
-949
38
211
969
148
693
897
-598
-715
-996
890
38
320
197
238
408
273
-507
466
107
-551
-34
-267
-54
862
-462
679
608
429
555
672
412
491
617
240
-281
-965
-712
-564
140
-320
-378
-75
612
676
132
-313
-851
901
-220
443
814
724
-907
344
-965
710
-703
925
-221
164
-164
-574
-126
625
337
976
783
844
-436
751
-954
380
-152
23
-371
-771
-664
798
698
111
299
474
-92
658
102
624
237
77
332
682
559
59
53
394
518
-987
460
-173
551
298
-862
153
-248
-936
650
945
-503
-320
979
470
-140
452
-316
80
-325
839
-619
77
375
-77
-726
644
170
-265
575
188
-523
922
240
104
-897
64
-777
863
887
-485
880
675
-985
-423
418
-385
-42
708
-343
-595
-505
-379
-282
543
589
-89
651
927
486
770
-478
-45
16
-642
-306
-427
-162
-790
803
-694
-809
-810
778
-569
-631
-549
33
-913
473
402
-378
881
-20
-356
-28
-662
890
-721
-635
737
971
197
-75
844
-658
-447
-721
-272
-795
-220
-862
942
826
-680
-432
-95
918
-970
373
-4
316
661
802
-711
-85
-425
923
263
-431
24
156
-816
378
-125
-374
-726
411
-422
-719
436
377
7
-645
-272
649
982
638
-677
676
-320
809
28
593
-478
-504
509
-152
521
40
-77
-870
316
796
-634
896
178
-75
701
185
202
373
-231
-621
-641
297
-919
272
97
-1
-180
269
-713
-191
669
-464
-398
-408
-997
-672
469
-623
-872
-96
345
678
-191
533
319
889
-577
189
-594
-788
-389
-33
53
300
314
-868
-427
-970
677
-704
304
-550
-793
-118
967
-102
-352
71
-909
-223
922
957
-480
-150
591
-459
245
713
-950
819
519
-45
454
402
79
-214
472
80
-729
384
-899
-767
-918
371
261
-462
89
-101
875
138
-907
231
190
-822
39
78
-554
-142
442
-328
636
-141
-6
-43
556
140
-189
580
329
-63
67
-15
-930
-747
-822
28
-404
674
-295
878
-288
883
600
-190
-766
673
129
568
636
872
-147
290
-268
692
-259
-133
611
-791
-163
978
-980
-224
387
-881
979
770
-403
-866
204
730
-801
62
858
-790
671
492
-811
-552
-967
-398
560
-120
372
436
416
355
752
652
-3
-348
-269
-122
-772
-810
-943
-424
480
967
-994
667
-704
410
-989
-713
-275
-763
782
17
-756
-801
643
-890
970
-853
328
-344
294
290
-240
-970
-717
-854
-339
-187
-863
361
-610
259
-441
-563
409
778
-707
475
903
51
237
644
-587
539
-651
750
404
563
-190
74
248
482
601
15
295
820
410
-154
-370
-348
744
109
-742
-271
624
609
243
454
830
825
408
-713
248
-809
494
-109
835
866
946
94
-696
79
-361
916
-671
-264
847
987
-281
566
-755
-838
957
-8
-905
-370
896
-921
-993
702
-114
387
943
-179
-223
781
-696
-370
132
-820
848
424
88
-588
466
270
631
411
591
-685
609
-941
-684
198
-805
-328
322
-871
117
-638
916
838
-682
424
328
-91
-281
742
63
764
78
-652
495
-787
166
236
-977
-514
-136
-499
-293
143
523
-203
-225
-496
285
454
-44
-534
-284
-472
-455
-852
780
452
-492
-984
-479
651
-327
-542
-55
-686
-357
79
543
908
88
-809
536
-376
559
174
213
-571
652
254
-107
-429
984
755
387
821
-3
380
585
351
109
-813
-713
108
-498
639
-381
-512
526
234
-540
-496
-368
356
892
-565
-42
-310
695
-23
192
-181
6
463
-205
-599
87
520
-517
912
-247
77
776
-287
757
-153
894
634
-298
929
-644
39
-448
870
-718
684
-923
-863
949
-562
891
444
390
317
1
40
-194
-842
396
-563
566
-425
316
-659
-502
-996
-543
-495
-891
931
-364
-606
715
-894
-890
250
652
538
119
-891
598
282
-230
-781
-626
153
-20
798
805
575
893
851
847
341
856
122
759
761
-543
-259
-80
215
837
939
488
657
-766
607
180
109
454
779
-977
460
441
-382
-376
-742
40
858
-617
-36
-742
154
-123
780
226
-731
562
74
273
281
-290
-829
-128
888
7
-29
88
-506
24
-450
-658
-668
-519
-518
127
947
-114
-638
-178
-62
212
-394
24
383
297
318
-94
-646
-514
602
-711
813
-410
-363
217
-458
-90
-63
-212
-197
-199
652
-452
894
56
-958
116
-424
-190
999
22
10
905
128
897
-414
-401
618
-850
-690
549
-232
-410
347
973
898
507
-717
874
-257
-842
360
50
-237
857
689
-849
-882
223
-176
-923
178
-315
-637
-944
165
-515
827
-587
-114
-982
771
692
571
660
-101
152
463
188
377
-474
-427
-166
-680
-189
17
771
952
-569
769
-412
-928
-866
698
727
-810
-949
210
132
-362
-235
477
851
-288
987
-999
137
742
-969
-117
274
114
-215
-391
-322
-546
619
406
-425
653
102
248
195
467
-386
136
-399
778
-135
-854
-455
189
-291
-415
168
-944
-193
-557
-325
-990
62
-583
-346
793
-26
-955
-118
-835
213
176
686
-431
778
370
-910
22
278
-61
396
-852
551
105
-965
225
263
606
-214
-480
-948
242
960
-83
441
-626
-602
160
-125
172
857
-788
439
218
-149
-264
-950
362
267
843
567
782
173
408
-993
-392
797
488
499
-461
883
793
275
-635
-863
986
816
580
-384
-286
785
285
-204
829
993
-355
-679
-524
-689
156
420
-882
689
44
-42
-562
376
159
878
636
34
80
-311
-34
-960
554
-420
615
626
-607
-69
-452
-554
276
167
-127
-237
25
279
-220
203
627
-162
-309
-86
462
-285
-617
241
-11
8
174
-851
-885
-508
899
-986
-351
-568
535
250
776
-21
628
243
533
361
468
-855
-377
-155
-558
978
75
-605
175
265
424
-874
-911
674
-576
418
615
693
886
881
-590
334
-852
684
763
54
-255
-698
462
482
832
968
183
979
-639
501
-179
343
-471
-232
616
-800
687
891
-910
486
527
870
593
-555
949
-465
281
961
-945
-117
452
-700
-305
-349
986
-799
286
-4
-314
939
512
804
-558
638
-139
-958
451
275
777
-70
-783
-239
-351
551
535
98
641
-599
549
-327
979
985
81
-80
-862
88
-963
-871
-73
963
187
-758
-135
823
-889
-926
-108
924
-837
-371
12
-147
585
772
530
707
405
-574
305
984
-637
-404
-718
-87
-808
120
131
535
900
404
-994
824
-735
-36
866
-26
897
871
945
853
-537
-935
589
274
-25
592
-735
558
-460
-474
36
463
745
-558
846
557
590
-308
-771
318
-481
900
296
891
637
-122
490
518
20
-459
889
-737
-79
795
269
777
95
-739
-518
-830
-324
517
416
-777
-200
543
-464
551
359
601
17
252
-909
-441
968
445
301
755
187
696
-401
-124
-14
877
-241
94
924
-942
-850
597
831
45
837
-342
-556
230
311
719
-124
-689
437
-685
-578
-317
-123
-986
373
301
583
-764
-888
198
593
992
-226
-61
-314
855
502
-170
664
458
-619
499
-164
-959
-974
538
880
836
-655
301
182
-394
381
-756
-34
440
223
412
-898
-182
453
-213
-773
126
280
693
-751
637
-406
-453
-280
160
617
815
-668
470
632
-487
283
18
191
533
274
604
-386
541
482
643
465
538
-266
-403
420
-431
-357
-549
-223
589
938
-652
102
-571
47
-957
-209
77
225
57
695
-509
-130
368
-470
275
479
-865
926
-880
-386
-24
956
968
-313
516
-791
-513
-356
-144
-444
116
210
242
-996
663
396
-215
611
177
645
-521
-89
918
686
118
268
-892
-88
-70
-279
998
806
362
-152
564
-610
-310
-638
866
505
932
-303
90
400
61
727
308
-287
-267
-568
-125
-738
557
-961
-574
-56
-85
149
575
-631
357
-200
639
549
241
455
-70
-40
-99
-380
817
-878
237
-997
-749
-103
-794
287
764
-416
682
419
-123
-700
259
-989
792
378
-541
119
956
712
-332
997
852
-485
-452
185
-437
913
61
-437
743
78
370
-63
889
491
131
-544
-262
15
831
-403
632
548
942
755
504
-654
659
437
548
-211
653
-280
-254
-873
19
-481
-557
101
-657
712
726
528
-619
-75
-653
-392
-541
953
-752
390
-68
76
661
872
-427
803
503
-763
-971
722
-668
747
837
216
-39
-962
53
256
527
471
795
-586
-464
-267
504
801
-936
751
492
938
578
-433
-74
976
405
54
876
699
454
-488
348
-757
-591
528
659
813
-906
436
261
-661
-293
242
653
531
33
6
591
-760
-209
-763
-222
513
537
-799
-847
-954
30
-616
318
666
654
156
635
217
-675
-140
-491
-780
806
736
805
655
980
953
521
100
-628
-712
-974
273
305
-999
808
-207
9
-415
941
-22
-759
-446
635
243
553
-478
-572
549
-945
-202
-615
202
675
-439
-925
-504
-715
205
178
500
-907
-863
-239
-446
416
714
66
-805
-734
180
-202
686
-737
322
381
856
404
736
-739
7
32
831
48
-650
-710
7
-55
142
-793
-325
515
167
425
-702
-405
115
434
-167
-657
403
487
472
563
-436
318
798
-280
656
-52
977
767
-318
-266
282
-930
221
361
-387
-933
116
726
-209
-109
-838
-304
354
-398
576
-834
-694
959
-48
183
496
-511
-183
813
-342
355
-81
-698
-947
380
31
267
-28
-753
-269
-163
973
627
-593
-677
833
-478
-972
448
-295
-336
-72
159
-531
835
877
312
832
-777
-229
-227
-863
852
-748
-20
877
-44
980
-168
863
274
-676
346
545
-650
-942
717
-637
480
225
-228
-318
897
556
251
-228
546
-987
875
273
626
-194
-451
-71
472
-514
409
704
-59
51
514
590
-91
52
-137
-599
-45
-94
-275
507
688
-466
119
-956
-536
77
-763
842
-82
-512
-504
704
433
679
62
889
-135
221
247
-43
852
421
945
-360
-237
-861
582
-716
-983
-525
517
-788
-774
5
-631
703
987
-195
864
-729
85
-355
-287
637
325
9
-493
831
434
526
-572
186
-513
-161
482
-112
-645
312
-284
-936
520
101
275
-135
-285
119
-841
819
-323
-481
547
803
689
389
-241
-685
78
-168
737
346
-309
141
710
-291
-492
-981
-836
-495
-290
205
-337
-982
-130
-618
961
733
967
52
453
444
-702
312
244
246
756
493
468
-668
853
465
-614
650
279
454
978
-324
542
-235
525
-49
-216
-440
197
604
192
-328
-457
-895
-37
-191
-616
-75
-965
-553
-19
-680
917
-158
-324
959
-92
454
-642
545
-785
-770
-936
967
202
-602
538
108
222
327
-189
735
-599
-228
-201
-227
568
-487
137
-184
-5
906
-230
372
648
-206
-809
917
141
-323
-782
281
-432
-898
-200
-402
-913
-172
483
637
-852
-737
-176
582
-954
-95
-618
262
439
-93
-669
-463
53
-582
-451
262
399
-304
103
590
545
503
-583
-696
-8
281
-508
205
676
-734
-290
895
-661
-880
-516
594
657
334
-443
-583
-279
-942
517
288
-120
-216
232
-952
-956
-63
-425
809
313
615
-837
197
-593
-849
-421
146
-818
817
-906
742
415
809
836
904
877
-401
413
-326
994
559
800
-326
-215
-700
-182
504
-567
-473
-999
314
315
716
539
207
100
646
-578
-974
-251
-701
434
-731
-371
-492
300
-390
187
888
-602
-708
273
130
867
-104
333
-317
848
71
-144
-176
570
-636
715
-129
-457
-61
-32
-177
908
965
-525
845
775
676
-343
-736
-150
-601
677
829
-492
-986
987
932
-364
480
-631
-175
133
-404
463
841
655
-891
134
843
-987
212
-8
-920
409
177
-542
-800
-750
-567
-944
-211
-371
-955
-225
307
-690
980
-877
867
-196
-892
694
285
-333
842
980
24
-200
-603
-769
738
831
769
283
671
51
-888
-273
-739
744
880
-259
518
617
912
-189
-834
-123
852
388
-233
150
516
-480
211
518
-228
-398
690
-219
-968
714
150
234
-376
103
122
-216
778
204
-936
-576
-773
-223
-178
-795
-742
-290
672
372
-61
179
806
-19
438
858
-258
148
-428
-877
734
691
-794
175
106
38
146
-652
-720
-16
-728
22
113
-217
581
-674
618
-984
-427
-761
128
-459
-867
632
-345
447
514
832
-159
705
-338
-499
-278
-630
555
53
-550
331
-310
-207
653
477
221
748
256
-986
-777
-833
380
-902
990
-970
-437
832
703
-309
948
-655
530
334
310
595
272
-695
4
-342
-162
68
-482
-975
777
560
188
-589
660
-143
761
32
13
-403
599
-865
123
734
265
-568
949
198
-57
-522
798
-964
-385
-744
-552
356
-115
600
698
-467
-825
-339
-527
663
-178
304
-686
189
-271
-158
-887
187
-310
-280
-365
-778
-708
200
67
918
-934
-741
-732
535
-90
612
-288
-751
980
23
-807
-481
-76
-169
-58
943
-839
34
-916
951
-655
-920
-251
598
758
-449
-504
-509
893
-938
814
-591
-218
-956
596
-398
202
-481
-469
-207
-235
642
-243
-348
-11
598
963
650
857
-499
-581
-268
-39
358
348
862
-710
-236
60
382
-396
767
14
850
-870
-300
607
27
450
-167
970
-700
594
-663
-728
-992
994
-277
74
201
975
-937
-201
101
533
746
-795
927
-7
338
932
877
442
721
-218
-612
-645
-319
649
420
202
-31
972
638
-837
-268
-975
477
627
823
-735
-792
-639
-634
-160
-473
-370
926
-321
-488
-102
-988
-688
779
-578
-173
-450
-513
998
-527
913
793
-671
578
27
-351
987
-656
-806
934
384
-670
61
68
-951
273
325
190
140
-848
254
-978
579
99
596
291
134
-206
-995
383
-357
927
113
933
-749
750
-568
-136
175
800
476
-514
-534
-240
125
0
-680
662
-895
88
471
-156
381
426
521
-922
-549
-165
286
987
765
554
-321
933
416
924
-52
-158
247
-76
245
942
-387
830
-225
991
659
-599
540
-423
414
-718
938
825
213
-201
-740
612
459
311
-705
53
399
743
-196
-132
746
-68
-409
-294
14
318
-983
-177
-229
711
-239
348
530
-848
-178
-372
289
287
-573
44
133
-524
-993
756
-623
-79
339
741
472
226
390
772
-421
-78
-48
-986
944
-195
247
977
833
-896
-392
152
217
547
816
-517
487
-572
189
807
-943
-627
-795
-167
-210
980
893
-286
610
-557
42
162
565
590
-579
-337
921
-468
131
-591
526
-926
461
73
515
193
813
-486
853
-553
-891
273
317
883
332
-980
-446
955
-708
763
-892
629
603
678
102
-837
-27
347
-595
-589
40
935
-505
604
560
-726
-66
528
974
-80
18
-502
-395
220
974
442
710
-548
-459
-612
272
992
-438
384
461
-81
-304
-486
-331
699
-529
-355
242
-32
-37
-875
998
-735
-968
718
-404
470
527
-654
-96
283
159
802
-804
18
357
-522
763
647
-294
57
-561
-88
598
-112
703
-931
-691
-42
36
255
488
-635
-812
328
-345
-868
-56
-221
-956
898
183
-478
813
402
-841
618
-598
955
-200
-400
522
841
400
722
928
-205
-105
289
105
-348
-460
192
523
-591
-946
540
-657
-185
463
506
-218
136
-263
-175
-28
-957
689
719
-93
468
541
-791
462
576
-57
-407
520
-17
-756
-387
-914
535
797
414
889
372
641
-66
969
-989
-567
-444
-161
-65
-975
-150
-39
575
-477
-367
50
275
-604
545
207
612
176
-163
-414
-395
-516
-529
-649
-890
43
165
197
-673
1
912
-13
533
270
-48
824
-712
754
-178
-696
748
242
-373
891
-753
-757
343
852
94
-456
644
-118
351
825
-352
-788
-472
-181
987
-851
-258
-893
584
-537
32
40
-244
-403
465
494
-243
-113
-908
587
750
-636
438
311
874
295
-499
268
-336
-740
513
-698
-811
-416
775
104
912
-143
883
-705
-836
445
-911
-89
-547
120
-341
-336
-935
38
324
898
864
-59
699
-607
139
674
-101
755
240
348
-583
-844
954
432
711
-524
434
-599
111
924
-334
-821
821
-454
52
253
-51
220
-20
-32
470
352
467
943
-197
624
-330
902
817
-347
515
-170
-546
656
397
40
780
-811
336
808
593
212
203
648
163
462
-548
-47
604
-639
158
595
877
282
699
-358
-330
-920
734
36
500
-664
-478
82
-906
457
157
-675
-100
-658
-449
543
41
88
-100
-718
111
-899
81
-537
175
967
-429
-60
-723
-778
399
-735
-415
45
-33
788
-658
-693
852
-106
-582
-949
-185
-994
-224
-580
-11
-167
-791
375
488
-91
280
440
-657
213
-550
475
36
515
-313
-40
-183
930
-326
844
585
-919
-320
319
-897
771
-55
76
761
-930
516
-690
-694
125
196
-691
698
158
-182
-154
-837
-288
-842
-221
830
487
156
-181
950
601
-435
989
-973
-49
-487
-359
-509
-25
-46
-228
322
-95
-35
343
-201
671
219
-343
-774
-863
-835
-959
-387
250
570
-5
-782
825
-292
-796
-925
-678
951
-395
-83
10
-92
332
-597
-166
331
-637
3
235
-412
596
-606
372
813
-491
136
102
-643
-791
-131
-23
377
-689
-842
106
-427
-156
-323
194
-922
-192
99
778
-866
507
-67
764
512
-881
939
-49
-494
-22
-788
316
696
51
-544
-504
-342
-489
-377
-932
872
-543
999
677
-813
-331
788
-474
54
-775
618
724
-176
241
-674
904
-114
939
950
464
-208
-712
46
-380
284
-5
874
528
777
-959
32
-711
386
-249
-865
491
-242
-847
-162
805
649
219
-609
411
-815
288
602
261
-710
-205
-480
946
421
972
-533
-426
-642
-543
316
-480
177
-802
161
940
176
-436
-254
208
-130
-602
-422
399
-683
-762
-317
-231
857
-602
62
513
-200
-125
-630
561
-30
459
793
-626
918
-888
-523
-1
937
-660
158
-170
-248
757
-26
391
250
-828
2
501
804
-58
154
142
47
-96
925
448
-408
218
46
885
763
265
-971
92
-548
-774
-449
767
308
-527
-736
755
-237
872
198
286
-876
-865
564
797
-232
-340
55
658
547
-794
461
-821
561
301
878
-247
634
983
-599
196
694
707
-782
-34
656
923
-959
-81
302
292
7
-820
783
-551
183
860
-802
-80
584
-659
28
160
-146
-63
-484
873
-291
-599
-229
502
-261
263
-947
-105
70
672
473
-935
-712
727
283
389
-963
-821
-51
745
-938
-237
81
-420
735
313
-691
-69
598
-385
-807
-958
-114
498
53
-92
-692
757
197
304
487
290
-410
91
-652
-630
729
1
-886
-152
461
-521
472
-969
106
97
-420
683
428
-90
302
-633
-579
-295
-714
-391
883
240
-849
-636
199
-697
54
411
-816
943
878
800
921
-426
632
-988
266
323
511
-289
-632
-149
-817
372
-390
-460
-516
30
675
-805
864
-856
-420
-654
-694
292
-640
696
592
-495
-919
897
-560
672
110
206
-579
272
770
-518
-304
-564
-753
0
-189
-894
-272
543
-850
-932
119
-30
346
290
764
-391
810
-487
54
-238
-307
-861
-829
895
978
755
358
315
358
-863
82
25
-413
131
-908
724
-661
293
-807
-628
-274
90
978
-183
-259
-297
637
488
-553
-935
355
723
-970
-431
326
949
794
-612
599
-951
961
602
-57
-427
-357
205
-568
254
-926
-816
-270
-596
-222
-979
570
501
359
-693
322
648
161
869
86
527
-521
788
31
178
-314
-344
-762
661
63
-497
632
186
50
-984
416
-242
-982
127
-830
322
776
80
410
-599
-30
-937
-301
918
405
422
-71
-810
555
-726
763
876
-563
-773
-623
-69
-923
808
751
27
-963
450
-109
-334
564
589
-1
817
869
875
650
872
-127
390
163
606
-296
-249
12
901
185
-540
-378
-617
925
925
299
824
88
-411
-222
883
-168
-759
-195
-805
-591
-794
-489
99
-772
59
-121
799
429
-635
25
484
984
-231
553
433
333
279
-855
938
-539
29
-75
-936
-273
-246
906
691
120
452
-166
316
494
163
-100
343
814
-21
-13
425
719
979
359
102
223
324
975
640
-492
938
-873
-147
-307
-155
-710
-761
-252
269
278
710
166
-343
914
409
-592
-746
324
444
-818
957
-889
-112
-933
850
66
515
-754
268
-290
381
-486
-96
-442
-207
