-24353
-68361
-60009
-34409
-57705
-4763
87251
-7911
72685
59328
18602
29948
-44046
9634
1226
-36152
-43218
89596
61580
13634
67072
-66422
47701
96338
-64940
5175
-18171
-59698
71263
-10362
-92397
97612
65636
25272
-14735
80298
-91243
78039
39381
76540
-76809
-75654
-85768
87938
-9608
-73672
1519
42593
59693
68753
-7807
97279
89725
66591
70885
92255
67045
-92335
-13112
-84584
-97775
-96654
-13670
95730
9973
-91982
-22230
-82676
-55000
-12221
-16792
-6746
69175
-29882
-47639
79768
208
-79558
-20379
-24962
-5159
-78516
99055
55469
48599
52575
-45465
64544
56470
41278
28649
23147
85301
77659
-90025
77380
-31561
-16133
-58527
61931
12655
-46265
-10030
81646
54819
49751
-61454
-39327
43308
92411
-98996
-97160
-62327
-21462
-53507
-79727
-88197
27918
-14446
-96881
95606
-71670
34129
-62513
-64790
-87424
-36180
22084
-50186
33337
-60492
96382
-81178
39610
16834
71460
-22999
55207
8726
62383
15026
-12113
81912
3578
65119
-98186
-30560
1333
-38042
61457
77939
34522
-59343
6064
-45743
-20403
-36186
-63437
61605
58999
-93410
86842
-5619
64002
-22371
-9659
-83964
77746
-43976
17663
-23577
81364
-69395
-72656
7853
-76543
46981
59662
-20701
75808
67288
-66960
32370
31337
9953
22722
-88556
-88087
-25648
7861
29118
-83168
-6501
-71421
72075
-60158
-40303
62625
11782
13865
62391
76530
4300
35094
-90229
51771
-93097
56712
89735
-95366
-38011
-32214
-26904
70165
46942
-77088
95579
50002
2533
-55774
-99311
-15413
16642
-78511
70607
31841
63621
92848
-955
-60458
15765
-58295
58701
-81406
-12799
86530
61574
1123
69283
-14635
-97532
84711
52515
-23903
21486
-33958
70842
-68961
70965
54992
-85307
-43955
-13533
9280
-54865
69329
50102
-42091
-41756
29150
-86368
-54120
-22763
41599
-69867
-68842
70106
-35729
56257
81587
48437
49410
-14459
-80741
60481
88178
71468
93706
-26765
-96071
-21134
-45232
80337
58408
-95432
45273
-2380
-50883
-44164
-84986
-37433
11013
86664
-76001
-65548
19609
-21630
-27103
-37201
62183
-12181
-87822
69987
-26551
85773
-43266
-20337
-58654
-13619
-91891
83726
-98159
-13527
71449
-87316
73958
-36774
-94441
27219
97067
-57974
49497
94978
-54141
70887
45150
-32399
57987
-30228
53809
26513
65015
-60610
97947
38556
29527
-4671
-60757
-4440
-31665
85949
24306
12597
70154
14565
69362
94527
72457
-5156
59213
7883
-82715
-9043
79664
17656
-3510
-63273
58450
52300
7521
-41054
36365
-92142
92082
-99991
90474
-34327
4813
-39995
-51205
-60410
25983
-13444
-45454
82571
98352
22842
97215
-72532
33948
-96775
74168
-91797
77738
19384
-11495
47815
-31585
16706
47577
80173
-93024
16580
18398
25423
-71973
-477
-96520
-34828
-45153
-78814
9582
87564
36893
70304
-51910
11623
-36052
15209
62107
77560
-13356
-58482
37664
-409
-73201
-61376
-80651
-32134
30873
-1679
-29463
15503
17603
46771
-84174
-21350
74570
-85318
4915
-36181
-84843
-59182
-58490
-80654
-97968
60699
-56455
-84832
-58169
46570
44393
-26672
-24373
-15001
-59615
54297
-63427
66233
67152
-6385
20208
-39767
-16972
-45985
86213
89285
-40250
-54814
36430
45010
15866
-9600
75404
88543
18414
59507
-11648
32224
34249
-98035
-86244
36729
90857
-1715
11811
-19576
14082
-10524
799
-94289
-28917
30236
12365
-90891
71105
-14963
-25925
-71936
-71561
39160
32578
-95270
-8780
-73431
11531
-49910
-42944
53552
86083
29003
23041
78142
-89570
4935
16387
66665
-26204
-87539
34347
-68042
-42777
-90964
15987
37841
29974
16847
97756
9094
-13990
-2018
-1566
92112
36136
-91451
44367
83115
14595
54780
327
88990
66031
-93899
-78797
-79314
30595
96480
70192
-12066
-68773
-55265
-10286
-79184
18381
74548
86864
71859
11832
44396
-72227
56997
68392
-67063
-56815
-76892
2026
-10424
62668
4500
2823
-36577
-92488
-70486
-24034
-34896
-3717
-49028
24150
62831
-67962
23298
-86965
-32104
-55927
-67343
-31117
64077
-32945
-86358
38149
-90665
58715
76991
55918
-96103
64551
-50346
-53449
97324
80921
81263
-94339
77628
-37466
-44566
-94677
76049
-76775
50590
-5759
33258
88564
-64787
-78730
42755
66181
-74703
20248
21686
-86514
96306
3938
-82896
-93334
60563
65505
29033
78290
27186
-76695
24820
-18647
3037
-90321
-62778
52825
22848
46718
-63559
-18310
42804
-68901
-19770
10533
36640
-3303
85784
-94334
68304
-82221
-78279
49329
-85675
-16215
-63318
-26435
-70570
-33273
86144
-94048
91568
76943
-75041
-21534
99324
38100
-83212
-95001
49946
-67478
7122
54788
-45575
8130
-87068
-78947
88981
-1701
-96948
-1638
-10601
-91542
-57113
31777
71706
-73310
6547
13885
-34303
98021
-98470
-52144
-40011
-460
47339
46994
4431
76734
-79448
-65975
-66228
-83612
27031
84182
44633
-84992
68756
-52212
36318
51029
-32814
-60247
-84525
-4640
32815
-41470
-91872
42892
43155
98543
-72082
78119
-11860
77270
-81228
235
25305
-23815
92803
-61873
-13893
73059
-76843
42855
41466
-63340
58414
33698
8683
-9369
68644
-11703
43423
-8630
87906
77818
-45901
80024
-90940
69781
57342
-53117
74214
54442
-18018
-9047
-36927
-29098
-58855
-47187
-14662
-16027
-52778
14926
-40647
-36516
-60523
-92442
2056
15051
15597
29687
82642
55134
89442
35804
70546
-16236
60150
-86940
51103
-50201
37883
-49787
-94273
94282
-58579
40202
44261
20221
-88276
76046
-68890
16334
-95643
-47073
83827
25299
-31687
-45475
-60733
-77126
89514
80112
-44066
-37913
-84041
-37782
-23251
6778
-91946
-14281
-85086
66412
82824
73669
-33260
22110
-29604
4351
-18548
82492
83833
76251
5576
36144
-14599
-67606
71576
-22310
56921
-64306
14834
-55723
-48801
6941
78115
-40562
-33778
-66232
82895
-88955
-47087
-42845
-40240
-31755
70127
99319
-42591
-20499
38632
-21164
-83335
91392
33404
-56722
-47093
-59892
-35916
23588
-57538
-6720
6910
-33884
-8045
57324
65736
84078
59007
56694
39078
50281
-50767
-41124
-36222
53087
-39113
-4375
89338
-16491
12887
13369
-27781
3171
68718
5972
79699
29672
-96384
-44315
51007
83953
35545
70614
88244
-52977
-42358
35236
22605
-23956
61175
70547
1265
90929
26609
47684
-79553
29020
35199
-85282
-86796
-82140
61167
37327
52548
-55571
-64425
43494
-91635
-8989
-12520
-7191
-11089
-37788
3318
-55114
-54996
430
-68644
-7754
-70017
-65975
-53175
83292
-40837
43385
70962
-7275
-92075
-72809
21157
91971
-92235
-79999
23444
39048
-98124
-26
18431
38985
-69423
9799
-30841
-11471
-29589
-89490
1391
-69109
-91907
-77080
91243
65830
76835
16419
66387
2686
93602
-9116
-19042
-84077
-87129
2917
70424
32593
-60447
77286
30160
-98341
-92683
24887
29617
-92943
48763
78939
-40020
24060
91486
-91655
90285
-43675
24681
-82536
99183
71779
-33240
-50707
-93960
57552
-90632
-9509
-3370
-96810
26778
-73229
-91374
-21270
19758
-60021
8230
56984
40152
85080
-97243
77036
-90484
-52250
-90179
-78513
-53999
2591
22045
60058
98622
28098
-3780
-70019
-85900
70185
-48657
-79743
10138
9156
-68774
-14363
-60932
-92833
-13274
76964
48287
-23983
7289
50454
-17070
43617
-36348
31302
37530
-34969
42473
7983
59957
34287
84570
-9563
-18247
62160
-2095
-79967
90683
96664
-74546
258
-23526
-64367
-8537
45992
5562
45189
70327
64298
-88456
9338
4834
-39906
24427
13848
22409
85355
72098
69474
-994
-68840
-33447
99705
44435
-8103
-5215
-90804
-49129
-96730
10060
-82320
95685
66291
-23993
34612
13778
-79320
69539
-72694
54660
-71844
166
-13430
54231
5329
-494
86889
-9955
-58989
-89578
-44321
71210
26142
56923
-63383
61127
-15462
4710
-60344
-76746
-60215
-45279
-3982
76239
-56574
3060
-20992
20390
-78257
-12830
4531
35731
16765
77711
71428
74277
-24050
-23144
17434
-70576
-9142
18304
86948
-10950
-50066
44855
15351
-23433
66700
15547
67125
62772
10778
4489
-72734
64161
-78448
71335
-2400
51725
38968
-44662
49622
-50080
97335
9816
-51606
229
85070
97214
60446
-4314
-93963
14614
52376
-47540
52667
-88181
74781
7083
46790
-20143
59450
-46589
44258
-75365
-6935
-62152
-96327
61020
-79536
-46916
-3851
-2581
6471
19816
-29156
74422
60454
78605
67605
41795
-56455
-87135
19707
52192
97314
-47655
5165
11986
22054
54456
-51630
-83620
4181
10230
15481
-13234
-51255
29888
44362
-29876
40639
-1370
15002
-83106
25049
84275
-6702
38200
16366
94929
77554
-91022
-75823
17211
33214
96283
-29885
-64913
-69733
-88864
96271
-62673
98007
97695
-86755
67933
26732
3306
98497
4818
-52447
-82622
33195
2073
-29861
78327
66528
43351
52087
68691
-40571
78681
-76390
-56937
-94051
-91986
13445
-76108
-47570
-32509
-77931
-90623
48113
-92063
43581
-35744
-13772
-48148
-47032
-48639
-63911
8489
67344
86456
-11186
-46940
-66718
-75614
58342
-81736
-90519
24805
-67805
-71110
25973
42805
10536
48598
-30189
-36518
-27984
-31134
1403
50120
-48610
74183
61199
58713
8478
64306
-52247
81003
-80576
-57030
5091
38233
-277
31417
-50586
47452
43016
7937
93678
-36683
-20261
-77348
-76331
40329
-92804
19091
61753
4419
6439
-45938
-59525
70583
88690
-25085
2007
-71353
91844
17997
56451
-13937
-58916
42432
91755
-82237
11536
-61841
-52255
65087
-97955
-88744
-19424
68880
10211
-50547
60179
-2350
26353
15618
71182
-92927
-36637
-65312
33622
74010
-4320
-31157
99510
98365
90445
94540
-80183
76000
-37451
-17186
-79597
-11444
49845
-98191
3360
-17791
-27824
47350
-36928
-37831
69827
-92138
90252
5508
61530
51300
64938
-78848
67172
-65340
-39205
91469
-65163
2070
-41749
-94403
-87283
60902
-15453
48704
-29943
-69037
36369
-18380
24972
78009
-43637
8395
-2517
4682
66719
41737
19762
94640
53508
-67520
33906
85883
-80265
35844
86845
-66197
28825
-26625
49578
5171
5837
33184
1308
-19829
64309
-17664
16032
48210
-26910
-2520
-71594
-36518
-60553
14220
54796
26663
96029
-4867
-99359
3721
70441
-28105
-84893
49228
-67973
69448
-36985
84988
-78709
96144
-5852
48147
78834
83140
55135
1410
-61052
40922
25735
-27539
15178
-92953
-9651
-61890
97596
-8641
-25516
38862
-90695
30442
35174
-6061
27297
67786
-51655
88244
-46076
-21542
60309
21219
44816
-51035
34193
3561
-35748
7634
97571
-31706
27111
-27371
97350
73026
-12486
45917
58718
-64837
-36706
-14897
-85238
-44711
46290
52361
-85854
27586
19734
-10556
28453
-60767
-55244
-9844
-42584
26192
-36347
73849
-58004
-55049
96248
70214
22447
38718
-52751
99667
-15057
40724
70483
88996
-76150
73660
-38599
46653
-55336
-3692
32822
-8793
86867
-47933
25285
-32546
724
-59249
-52147
79690
71884
43974
90476
20354
-2973
-32454
46636
57413
29666
-17461
9054
18303
92625
-63808
-84621
-56184
-52718
-64996
71260
-37375
-61599
-66213
-92554
44683
20995
-54044
42984
18892
-91192
-32004
-5705
-36926
-54122
-75745
-65573
37976
8846
58427
-33707
23365
-86767
-5248
88878
-4268
-70300
41366
-3940
67269
-80724
90166
-93314
-54829
8132
83592
-95517
83227
-99885
-78194
23119
48946
-84022
-22559
-66769
7306
-87786
97293
-87122
-14219
89498
2166
51275
72309
-55339
-52692
19729
-49638
74488
84768
-99383
-38562
-71340
-12048
-14369
79619
4863
-12261
88667
-64694
-27550
-95117
-49060
-63253
28268
92111
35980
-88063
-63229
94160
15977
-68581
34674
-26006
-82867
97344
-82730
8101
-44011
77449
1408
-25142
-92696
12676
42711
66942
-58407
-96561
19324
-47126
46161
-69917
-38248
-42499
-6359
-87248
4714
297
-90413
82247
-88915
-49830
88147
21349
-57161
-50726
64708
97187
67892
-62732
84874
-98747
4453
-6597
-90350
-37311
-45468
-42743
-40470
-80747
-52658
-61242
-37321
98698
27759
-82633
80882
77449
3380
71132
-36713
-25887
-11759
-18557
27592
-77242
-93840
-76650
-90478
17799
44005
27548
-92642
95371
22249
97425
-49972
38004
-28733
-65580
28743
-28985
40604
-85196
-42708
-79559
-1588
-84712
88818
-31468
-75032
65618
18537
-70856
-1734
-59548
-47413
-80498
28769
72973
-77227
18379
2295
-20888
94102
88513
75205
-41179
-47797
-4955
-78925
-34239
83089
94748
75178
-96381
-96049
-31324
-68885
-51027
49428
69393
68761
67890
-64364
-72688
-57932
34222
-34848
-50707
-28208
27738
78073
-70823
44739
-72412
23194
65143
25101
-97269
-73974
33466
-77217
679
78357
-68267
-36827
-97849
-86512
89939
-90477
-41961
76765
-75974
96730
10633
44312
-55743
45930
-41931
51145
-95283
14052
36348
3230
42826
-41001
52856
-25849
28421
-32604
-71128
49946
-78851
-7584
41259
95440
-83332
81747
-97200
55741
49974
65353
50304
39610
12862
-76009
-81846
3232
10384
37710
8894
40987
68688
3186
485
26439
45669
88158
-76402
-1753
-25463
-46326
-97699
-66248
68219
9042
-24314
-65089
-91396
-53567
-95885
-29931
-38340
-93971
-43327
-91836
-36908
-95195
92595
-17704
81643
-58514
-63266
-52402
58400
-7685
77100
98211
-17496
68259
65547
94784
30774
-96449
-12130
-69726
-80429
-47079
62111
97276
74402
32190
-63695
4287
77803
81122
89848
-496
-67344
46569
17285
-46445
-43979
-25696
-52620
87648
-18655
65417
-81049
30417
-99643
-70225
-74884
2198
87704
-21614
-13446
99568
89246
-88535
-47103
85604
-80787
-9784
-77793
-5399
5790
-5568
-40705
-95034
-14235
64292
-34536
-30385
-81612
-99278
36015
-65445
-32573
5583
63528
-81362
59543
78528
-17237
51110
-41388
81040
-8910
63211
-44004
-37286
-41767
45504
96678
49250
-29807
2964
33267
-160
33840
73478
-25335
-94746
29544
65727
-57349
30489
23894
-60413
53593
-57093
-98580
81882
-71445
-22430
17250
28693
-59717
-18895
89919
-27413
76060
-86657
45701
-84114
77764
998
81612
35922
-12860
79913
65911
-59358
25183
18986
-27455
18181
-48743
-7086
27474
-16416
31823
-11543
25834
67649
84119
-8976
99245
60583
-21637
6525
-50844
-42294
-36930
-15518
56334
-69020
-39490
3184
-8623
11374
-27924
-20442
7931
45818
77726
17450
94720
-26841
-71815
71161
189
85873
-36258
-70551
-49238
33882
-27931
-66707
66723
-65987
-68135
-23767
79875
-96600
-76595
27775
16685
-83234
66775
93078
-26688
69347
-96541
-71914
-90962
-35851
50852
-73400
-28837
87341
-70827
79937
66321
30709
63780
28641
-7022
57480
-30646
-50044
34295
-17423
82938
-27283
75877
4506
-25812
12694
89329
45175
83534
49569
-42077
-52102
93854
76552
1736
21468
11106
24591
-11948
-18050
-22743
34738
761
36578
-53669
24312
42841
47042
-81329
-90222
72427
-21561
-60129
-30293
-99543
-55037
96683
-33389
87172
27579
78723
60680
93825
-73359
-21282
-15385
19122
1574
-20395
-23500
-11559
17793
6199
-10679
-11751
-97786
-64640
-81746
70763
-55368
61851
-25204
10827
-69623
66604
-42829
79552
21301
18886
62201
36352
28745
-2890
21076
27719
-39497
-24918
93052
34316
28995
-18594
22804
62633
-5828
21265
-22888
-23193
21610
60102
-53505
-23087
46521
-21799
93095
-49110
-19088
-76213
32543
-67119
60199
97341
69400
48921
-46987
-26286
-71299
-49864
58096
36068
69076
-36235
-80668
-79652
26231
56991
10629
-25378
-82245
-75775
-18009
30461
52562
33682
57762
-27689
-12452
-88476
-53109
-48870
-38537
89836
50574
-94337
-3251
-138
66740
16298
-48299
-11097
-23575
50830
3639
81044
-56961
-16169
-50625
7554
-36207
-14037
22569
54477
-20137
17574
-19722
59987
56370
46447
87262
85527
68833
-97233
13988
23366
-90867
-21755
-69030
31241
85572
-43037
-17296
28857
-10514
16280
-4316
-96618
62205
-34732
25663
3479
-52436
-34200
-75894
-76295
-69699
-57396
-5907
-88512
-29983
-61654
96829
33779
-61625
-18704
-42417
94651
81298
-37432
10722
80343
-24957
-95093
-19407
22000
64544
-81798
94656
7503
-19996
-24417
-47260
43554
98438
35757
64746
-16692
77246
-38308
48832
-92981
-47546
-37087
9494
17351
-87634
-82505
-94453
-25854
39066
9314
9830
-4467
-74496
52437
53142
-35496
20980
-15359
57423
-82136
-1457
-8982
76059
17730
-92924
64107
-77730
-34036
83530
-7439
38551
77180
29653
-81758
-99527
-33219
59728
51721
56730
-83410
-52471
49898
98626
89078
39525
16788
-67243
-58629
68928
-59313
-95226
97179
-24819
83313
53256
51547
-4942
59332
-11276
-69050
-21686
-3985
-13855
-3968
21038
-33328
-86400
-93304
-534
-88516
89810
-32240
-93088
-4984
-38137
-86
-35751
95278
-86324
17023
42632
3117
-33509
-44051
95525
-19209
-42554
29606
-88559
59555
-71159
-99565
-55971
46387
-74113
34080
91925
-97645
-75633
-25997
26320
-57430
84003
33869
-82349
90207
72197
74425
1885
57986
-77980
47234
82619
-6237
-40773
-90022
28025
91986
85907
-47447
-50834
-56987
-24156
62905
26756
31050
86820
80676
-58077
-66054
-93358
87682
-68985
-75118
60478
14286
-89579
5441
-53174
62697
-60589
-79375
88053
91304
94240
79385
-91399
7131
-9885
-89467
-9919
22865
-98964
46981
61684
-23645
59774
31164
26029
93897
83886
-30409
-95701
-39516
2254
83756
59349
72277
43637
-68583
-28472
57186
-77706
-22328
50671
-43365
84024
-80925
-65227
77969
-92544
74155
-51494
89399
36251
-19896
25033
86082
-79125
78699
43459
-88977
72218
-23940
-21163
-31546
63427
74941
-11669
-87528
-96295
-68388
78112
88811
-31149
-50687
52206
13806
-55968
-31155
7351
-56704
62525
-74956
-43506
-83366
50471
-59718
-83596
-32257
-6289
75913
-29339
-90023
30008
54149
71152
-39109
-63528
-38682
-50794
-41029
-94173
-87979
-49541
97501
-59534
-69273
92610
-38328
47235
79228
-19379
-87924
26595
76118
-57744
-2906
-43645
-74946
14001
10223
-85123
69952
-87334
-86785
-50405
-17454
9305
58383
7407
-28250
-27937
95733
90540
-21681
-54564
-31141
19049
62221
79400
78590
66692
91803
-90570
-45741
93776
-11013
-15497
25901
74168
-6596
-64129
-40545
-88366
90605
92314
-23274
-43814
71992
-64321
90853
-69105
-40088
-59648
-11039
-20307
23457
18650
-86671
79466
14310
27783
-31856
-11120
-33084
-58588
93477
-48168
17551
92779
73244
-82441
10504
93568
80805
-88334
7324
20176
-3319
-66814
-52479
-43731
37892
-74227
47646
94750
-74506
81359
85504
-5642
-14240
-34293
71137
7443
87913
-6182
-99989
38019
59750
-77413
74891
29132
90321
-90385
-82226
-17407
89962
87525
-1882
-11986
-33417
-14424
91779
18411
-27074
83979
90234
-79115
-81002
-6526
7800
-54174
45139
-34068
15619
-41962
11026
-57477
-90803
39572
61506
19933
6361
-71729
-35426
-30715
35338
30782
33150
-2412
89122
56338
-58879
-3990
31736
31255
99196
-12645
-75785
93438
-22578
-17561
69391
-35258
-20303
-38213
-9946
13634
19187
-12463
-74139
42366
-40420
-93281
53470
-35771
69770
-82082
-67522
-93500
-83144
-56320
-22636
50037
75429
-51300
20011
-62792
61459
36524
-17121
-83580
70718
-41489
-13443
-91916
40046
-34646
81434
94942
-15463
59115
-33057
59587
-13576
-95412
-53240
34999
27434
48864
-77856
-54249
-16520
-33733
2595
-96443
91563
2881
71337
59039
82962
-80887
68836
51432
77105
-94937
89883
-52093
-82457
52145
48385
-96305
-88534
84162
-33654
-30002
-36706
-16398
-26104
32631
8014
-42141
-29995
-32639
-18107
-74664
50492
96679
97614
58016
-65515
10112
61032
202
45727
46391
-11488
-40782
-90118
99775
14377
96392
67037
-79271
-35368
-21718
-4422
-98729
-33148
-92183
94392
53202
24801
-50064
-30479
23827
-96624
90780
-80260
94795
-65370
13991
-25699
18415
-90107
-97823
-33162
-15123
96860
99755
48848
65156
99103
94043
-33358
56602
66379
58806
65943
52177
30386
34345
1299
27767
-42742
71450
-4084
88694
57655
99846
19519
-61261
87503
-60125
23678
45061
-39793
-14317
-767
51658
-37068
-48895
32345
98285
-83358
-63933
-51424
-67241
74195
-49343
5176
50422
90992
72769
-31672
53525
90975
-1720
-40960
13147
-49023
-94837
-33866
19175
77639
-97629
45151
47381
93964
-16502
-11150
-36600
7807
16617
98105
-69105
74359
-9212
-79673
35554
-21063
-65269
21288
-90188
47635
78436
-50334
-14369
-32857
-39759
26964
-20835
79073
-98770
-26455
83118
-94318
50912
-382
98865
98179
71109
-55269
41215
8088
2793
-34893
-84131
-85431
90181
4745
-25327
26910
-31245
54510
59063
64975
-18777
-3148
25445
-2658
-15399
-39266
23512
-93605
-7940
-37856
19061
28209
-61869
53348
41948
88767
-9435
63281
-81092
-76059
-92910
46195
79817
-67478
-85524
-85202
17054
-47077
86986
62924
11110
43870
14642
34464
74193
-96958
84466
43758
50187
-62000
34902
-83772
69538
66611
26278
-64596
93791
-52102
33774
9058
4047
56129
-52834
67757
-84052
-15154
35271
-11803
-9314
62116
-53145
20930
-4087
4657
-88388
66331
3226
86956
67302
-20230
-34843
-53436
4246
-40120
-94050
-99653
-10028
2326
-82760
10240
28637
-56723
7321
-69291
36537
64775
31216
-32921
-93729
35260
-15144
-22880
-61378
-71439
99301
82565
-62006
95740
32092
-66561
81669
-62631
82076
76449
-37984
94645
-10546
58900
-22022
-42173
71707
66270
1546
-1842
51344
53041
-90612
25614
-9181
93292
68360
6227
93900
88124
57334
30901
-2956
97381
65999
-65979
91404
56267
-74810
67417
27791
24749
21580
46637
-91375
33797
-25032
-91051
59709
-12219
-60830
53635
28894
68479
64368
29580
5508
85741
-73882
17213
-86
-15017
66200
19731
24707
-66088
-42357
49568
31005
-11810
53410
-27154
12064
70369
-45974
-91378
1274
46212
9518
70297
-4352
-42027
-8076
-55348
-8557
35354
74730
99729
-18060
-3287
43345
-5900
17607
-33385
80656
32151
70963
-41202
-18029
73548
-41863
-20383
79773
28769
-27165
-56269
-44495
81350
53250
-77107
5278
-76066
54437
-91534
47714
-33638
-26377
-23014
25263
90242
-38832
33969
-63993
82593
57737
-79740
-96476
52592
-52524
71899
16348
9604
71376
80448
-62245
-69717
-6280
29131
-51655
54156
-67869
57294
3089
18581
51585
-19942
75150
-23187
-49257
45328
1435
14313
-63005
-14592
-65424
94452
40737
-21121
-28610
63513
58001
51037
-17951
-19680
-23152
84831
40124
39905
-12093
-99973
-27128
11075
12152
48021
55190
-99904
-14639
-96707
-65614
42133
-66251
-65131
39096
88384
-87210
-74448
22716
-1365
32359
30359
-26356
14562
-87580
-42558
-23832
75310
-75597
33811
-75841
93000
61801
28823
86220
-2298
-77676
89914
-32185
-33094
-63153
82429
-78182
7949
-69477
-9542
-69417
-23480
51207
30214
-7062
-57627
-23
-32092
60857
9845
-53048
-3303
21908
24719
-31971
22340
-88959
-32967
-623
87868
-10902
-17164
16779
-39055
44444
58781
6944
-32394
34827
-1835
-9152
-60227
43584
-64049
39901
-67307
-32943
67047
59592
-96486
50281
-12365
17357
-41169
-93273
33689
-69729
-41848
75415
91935
90108
-22454
-75067
-23265
66671
-5733
67770
94154
50144
-64053
50301
-84188
-43366
84395
-43821
-17691
-50684
49323
78242
84327
-69217
-59323
64456
-76494
-62245
25545
-59854
61116
-38389
32587
-76154
95823
45091
79057
-54266
3071
-9302
31988
-53146
-48248
69711
55817
-17662
-26137
66896
83907
-70231
99584
55793
-44974
49550
-64299
29753
-32721
-61145
32461
-54764
46399
41303
93633
-64056
-39608
80705
-18400
-7534
-44825
22346
-99484
56225
53146
-265
63465
34643
-67711
13374
72029
78991
-98393
-46403
-83546
-58676
23123
27655
62025
-74508
1297
25895
41032
29522
71731
-5163
91639
-77590
-12286
-49046
-90687
10265
81231
-65012
3922
83480
64586
56092
-7661
92711
-88921
78772
-6986
95759
-27195
-85394
79620
-42768
43095
55900
-26980
-85249
-85336
26839
-1489
-8308
47131
-51813
-68506
-2825
-21062
98777
-296
-38079
-33193
-83130
47664
24644
67021
-28141
12740
-32778
-46941
-22317
-3283
-84042
59611
-36157
79511
-331
-4540
-18735
33829
-15156
20585
27486
-90463
-37430
-55772
-34462
-83907
74890
35288
-16503
-87421
-16561
2034
13194
-94128
33751
30562
26254
-84250
-22796
20836
-47497
-10740
53231
26817
18165
27537
-17791
-87194
-64667
78694
96852
-62936
-27722
-65345
99498
-51806
61946
61362
-75219
9022
-91509
-66866
-45996
-13861
-18214
-93738
44155
58920
1687
85148
-39515
2831
-19207
-61663
51385
-44391
-60518
-16998
-87391
-7554
27575
-1545
58645
73697
-14687
-40928
-60610
1831
-75359
-18212
63086
-30292
98685
-61140
56520
58275
87091
21013
34715
59417
-46642
16338
20143
-88546
2302
80771
87856
-84338
-11737
-36205
84298
84830
-40627
82000
91331
59299
-20802
-32769
46596
56129
-44462
-22831
-88715
98037
-74017
82495
-2488
-14291
-9979
53634
-17735
8176
-48623
-54122
-5108
-59787
96775
-64427
36476
-55710
-44462
-71794
-29959
29582
612
-74335
-79269
-60637
-61558
71888
53149
-28499
7853
-88976
24629
-92858
56829
-32040
-33984
59148
7197
57263
-62930
94071
34042
-79657
-33295
51756
-53163
60648
-47275
34080
-99818
44385
94945
37231
27601
22702
-50486
88059
35854
31234
-27243
5434
-20653
-69247
6283
-33307
-75018
-38495
43872
-14008
-178
92690
-68554
-21656
-7247
19581
-67587
56267
-80704
-46746
-81858
38178
9050
-7773
72104
63689
-60971
29356
7588
-58032
-79301
48109
21947
-59052
21835
-31541
20134
-22547
45833
-98666
36491
78804
6074
31031
39380
23062
-18586
-73408
308
-27094
74273
-19539
-27662
64570
-38333
-41164
-46900
27742
10505
69700
-62576
29290
-38278
41674
-67153
62625
-630
91364
76284
-18213
45395
-12218
34277
-61155
-34911
76781
69513
84497
84463
75854
-4963
-28690
-48725
-68412
-96933
-83293
-71955
-14438
-16213
37554
7959
-60269
-39903
-85418
82785
86811
9258
-59979
61369
-56836
5821
57544
-31302
-21660
22594
75340
6691
-60773
98599
-84848
38413
24523
-1688
-91223
60686
24159
-78369
69668
-45123
-71836
50892
33764
-4129
-3467
40620
38355
-14880
-26935
-82912
51357
-22024
-26897
46777
53011
39859
75704
-19699
1172
-58191
68739
-27099
48476
-40057
87744
-78290
70715
40528
93430
54191
34649
-43875
93506
61603
-27374
-20792
12852
-446
25595
90701
92024
47340
53496
-58777
7159
-38873
28570
-93333
37321
187
-83423
31894
-46762
-37361
59699
-38988
54058
41408
39870
30196
-72928
35616
-30434
94685
-82288
3325
31986
69855
93033
39849
-13378
95248
-20194
-43825
51934
6062
-7493
49444
-31698
-27400
74523
76452
-26243
-65992
-75464
-35107
13465
73637
-86278
89270
-88089
-93336
-33416
-86522
-89859
-65329
-40
-4645
-84134
83574
-50281
78206
84516
-71729
-18567
40011
-82016
-52890
20326
60250
61248
-87427
-51021
14535
80452
-93682
20738
-42551
59110
-45468
-7794
-40664
84461
56554
-28213
81558
-23446
55289
47002
-20869
63206
-27239
-72226
-98018
44231
-53749
-99724
44128
86782
50091
-70983
88656
-31716
66718
-33316
90419
75072
-98274
11232
99796
-87958
-35875
65994
34853
80295
-95597
-73264
1062
-21876
98093
-14413
-12811
43149
-49800
-15341
4531
-30665
40232
77557
-13140
-62112
31244
38843
80889
12722
-33654
-73961
21423
43807
84302
56767
-3643
12915
-8791
75457
-66568
-79159
-46744
-80362
66902
55997
30804
-92103
7065
-1777
-4907
53309
-4480
-40580
80273
85638
-68097
-97080
63252
62838
6554
47992
9386
24420
79707
-43265
9172
40759
-69465
-81709
78360
-20507
37701
-57763
-42402
-50693
-92256
7389
84684
-78650
75891
44386
-42969
-87089
73846
32237
79642
8502
-58389
-24527
-43503
17301
-21171
48582
-13499
-84984
52345
6264
-86397
-34391
-60648
1541
33416
27257
-59295
-7713
35959
34688
23883
-98283
-40029
25138
35259
-71321
72617
91096
-24253
65258
68745
39129
78331
-68705
-3474
66738
80416
-4051
-76208
-3848
-96891
44794
33772
-48277
-78349
55895
-20269
-75857
-19482
94508
25958
83437
49464
93433
-14118
59608
19413
-66051
-30882
-3916
1776
-73940
68787
-47787
-72859
41955
70759
54813
-57355
71726
-12103
-99512
-75795
-61024
-97261
53457
55782
-51198
89074
-19032
-99206
6792
-31840
88882
-11700
-50245
11353
11932
-95627
833
-69072
-24569
31613
36794
-58018
-73966
19055
10733
-93222
18959
1599
21310
59400
94631
7983
-95243
-63409
47844
-48009
46729
45611
25708
93151
66241
3340
-99731
-92522
-54779
-76319
68915
33331
-44712
-82273
25050
29493
45291
87016
-28402
-49988
91497
20707
-79370
-98690
-43239
-92276
13600
46780
25695
-98623
9391
-2355
-73167
5655
-99337
48774
87697
21180
-17383
-72814
48073
36044
97248
80838
-41819
-22385
-219
36427
-60784
22698
-23841
46663
-80414
23465
54120
67919
42832
37043
28657
-61807
9902
-76956
-67992
-70952
-3439
-95031
64462
-88402
-34198
69807
-15218
-49502
-45896
73406
-55634
-76165
98386
-86757
-61819
59111
42049
15957
-63692
25370
66042
-76974
-73046
-52952
-99424
-30133
3717
-49065
-34428
66144
67053
86100
-4057
-57715
81152
-44992
63129
-89909
96953
80217
29461
33371
32973
-23327
-46698
-68298
51787
38574
12599
-49952
-44501
-61082
-77614
77956
-14788
52428
92767
-76623
62688
-31750
43837
-14558
48985
51229
90462
-72268
77056
23576
-57250
-22229
74333
-99311
18447
62932
19721
31071
36467
9419
-1094
26860
-68486
-89362
-37871
-91155
71171
-17260
-55672
-46579
62134
-83949
66047
58636
-36837
70891
58629
97654
9457
17130
88906
-46903
23532
90461
-4560
61376
62560
49104
85757
99725
-70640
-61376
-43709
-28611
-44782
-94951
28231
27514
-57370
35046
61904
46236
-45049
-17091
-14385
-87170
24077
-655
-32712
-49367
-98366
-70639
-84295
42403
16120
-75770
-75913
-91608
-76652
-24740
-18571
22188
66037
20141
39532
-48015
23927
66219
-63434
-96411
-42323
-44335
-71572
29288
-2321
-40339
-65421
68534
-62623
-31113
15499
-54699
38782
51835
-36347
-61896
-28943
-47078
45234
60913
68424
7816
-65805
-42472
6108
92402
8362
-1875
42402
66653
13724
11054
94281
-61176
-30386
-25648
86840
68355
54895
49331
-24921
36431
13462
-12187
-30840
31394
-63099
89793
33533
-6285
78512
-12979
-61518
15159
-42637
75467
33026
-75881
-98792
88454
-95636
-59277
-75104
55094
58719
8029
-2007
-49356
28160
28479
-49921
-70900
86541
-62736
23456
28645
61538
62207
-34052
-26204
11101
63539
-81675
19750
-95178
28070
-8379
-84769
37382
52090
47716
-33624
74350
-15894
-13675
68359
90604
-95027
74489
34663
66775
-49284
-99486
22869
78286
-13169
-86657
44263
-97090
-39664
-58186
47857
-45980
-21232
-73480
54471
39602
43664
59060
-82238
-92741
-35362
43906
-49031
11013
46403
-13510
-21735
30790
1345
12635
30416
-48515
24342
-60696
85094
78918
-64061
-66186
38228
-70848
-99676
56199
-43625
69423
-91384
12815
-63528
59927
-94094
15797
238
50615
-85299
83460
28604
94880
-2505
-35559
-39648
-92189
-81917
94842
87635
28726
77630
-79766
-17458
-71672
-59051
41369
71437
-10737
-56543
-4115
-49613
70019
-98278
32916
33535
-86090
-5619
-86068
-39925
-24278
5922
65255
28958
14247
-20272
-15153
-56557
95830
37295
-34916
52413
-98817
-38937
76407
27143
-87665
9692
14597
33374
-38005
21528
-28201
69497
-99187
-30915
60784
-4588
81583
76494
-73965
-39556
-84895
-72882
-93984
42741
72074
77390
-72054
-40790
69701
-73209
-49080
8605
32138
2752
54451
-15339
-20506
-82104
54574
93585
72102
-33863
-7071
69049
-5726
6456
39123
8473
-96225
6191
57
-54721
-29766
21541
61153
78149
15316
-24427
41051
87412
-11889
63259
-56325
-46871
-92901
-14128
-86423
35865
50005
-16624
11600
-54360
-5751
9802
47193
-80417
77019
1688
-32020
60579
-26567
-6922
4173
-41490
-42229
66473
28232
3488
-44233
79896
-53609
70110
-28853
-35594
-20684
61056
-33082
21006
-59602
-27675
97359
-71223
-96566
51120
-49196
-69807
-58139
-34322
-516
47227
24435
44417
-65
48309
92277
66750
-67138
-9382
56154
38462
-17330
-90074
-98312
720
52294
-26703
-94467
-43729
-70933
-22833
-27573
-20785
-23318
47824
81032
-54495
47651
-43308
27901
-92987
96612
61941
31746
35318
-4376
-77924
32016
-81893
39572
75343
38672
69478
16492
-52808
28594
-29083
90897
-4056
-90619
-69972
31520
65715
25204
93984
57380
21474
55234
74640
-56612
28326
-89193
3679
53116
-98212
10229
74026
-66987
72311
24873
-7192
-30952
-70679
18761
16877
-7630
18701
-27253
38221
3296
81275
-31048
33693
63612
32421
-5672
85881
-80955
-72749
85399
28938
80490
50847
-40883
-56578
-24883
-24293
66828
-77868
-92565
74367
17748
-69630
31718
22901
-35848
-66696
-4101
-62650
-25882
72280
-7636
-36076
-43619
-52676
-72430
-57686
-32275
85055
13009
-86714
90539
-14213
82967
93717
-613
-76353
-65393
-5375
-84143
64710
-74997
59004
-36487
-21864
3804
38743
-30978
-2718
-59901
-89179
92280
86361
74644
73432
94764
-37618
19725
-52612
-36260
5921
4304
37393
35100
39983
28736
-74943
84359
-67807
-82115
-51760
95182
-87260
-70114
-33079
-78378
84642
31697
-419
-54978
8482
62325
37284
17738
-47621
-81394
6310
-21829
36407
18192
-42856
-82922
24961
61771
-49279
-46022
1073
-10698
-91007
-40680
-65684
-84440
-53319
44833
62205
84718
-82446
-77778
-69241
79930
-19033
10525
47879
-44448
78845
-93340
-75322
-17464
-93715
-70180
10364
-2204
-44941
31433
13096
-51352
99675
74989
-75568
-36484
-53042
-20799
-43976
-84156
-54854
39192
48316
-56129
83092
-44846
-70706
913
-2595
7556
-14639
-85139
81218
-49671
35038
-85333
-50859
43223
-19775
-8862
71202
-22680
-50269
47635
-79959
-62892
-17266
27152
14606
-80558
42701
-36553
63176
-76869
6401
21717
50404
-94047
-22042
-65420
-29116
-1092
80262
-68949
28012
-85943
36988
75961
-19577
-58203
-34388
41935
14930
-98642
-96845
62972
-79749
-86042
-41519
-56101
-65281
-67097
91972
65890
-54406
-25615
38426
-92064
94380
47424
-88101
-8325
41301
51518
25808
-12901
22639
1734
-32142
79026
-60646
-35565
317
-71135
-29791
1250
-55410
80887
32638
37273
-86795
27833
40038
-42384
-54409
-1200
-59644
60130
-19404
-19392
98541
-52993
97276
1036
-39492
96519
-47182
29332
-8983
-73242
80993
-64507
-81182
-65576
83898
-5127
-19408
-29724
-6628
87039
-73568
-9781
85309
-1832
23585
35958
-17464
-79653
-9272
12288
-94610
11789
40579
15101
40895
-71470
58040
30159
74144
86779
99900
49508
-84004
-72613
88917
98567
-73429
7442
-93777
70643
-50221
81853
39892
-56683
65207
-88858
86443
19901
-26691
89144
43912
-96901
17526
23241
63769
-40944
-74207
-24014
96907
86127
-31117
-95232
49119
-13247
-38552
-83919
54960
15103
36997
14534
-96340
55014
-24481
-18690
-11289
-37595
22775
-27228
60362
-56817
48357
-86920
-8705
35342
24708
95467
59038
-98581
46308
-18663
22533
46496
-753
99682
8083
80195
95191
61402
37654
-59407
5682
-7316
30765
-47516
90281
-95280
59496
62830
-20738
-20826
-97578
84700
17392
33111
-11154
-17013
43346
-19061
-30839
-81020
-892
-78266
82429
55417
49809
57689
-40789
73046
37866
-75856
-92710
-97839
-29535
-95400
64909
-93083
48855
-45920
-78578
-24461
-44593
-1306
-82931
60898
-11608
94580
-8572
3951
-92066
-76185
-72990
16490
-68262
-58294
-98291
79725
16637
-17861
95829
65843
-72820
-20803
74327
-44745
-61822
78324
1541
49897
-3668
-76831
-79730
-20272
-45431
-14603
85
40906
12918
24458
36996
-19275
-51588
73581
-2962
41757
45559
31784
27400
31635
9434
-57019
-73466
-20483
76287
64085
-3041
-56360
-87580
97058
-93149
24377
80134
-86836
-9254
-55299
-1298
60232
-2579
-75620
85012
35731
94694
-13369
-5180
-39847
63200
-85595
71536
91760
92525
-11567
-54866
-74501
7811
-93155
-87866
41730
57126
40881
-6961
84503
70428
-68098
-13327
86669
7326
95659
80633
-98918
56152
78811
46245
77959
19044
27642
50711
-79326
54561
15159
22669
-95469
88323
-22912
80963
48160
-59994
-65584
-63253
-45895
51245
74003
85037
94250
-62288
-41112
-92232
-61610
-88363
-85057
-88228
77284
-34453
-52520
13092
60605
68821
-66225
18573
610
99053
65985
-47424
-51310
-88011
28196
16504
-41297
-43639
-38475
51187
59496
-31586
-69908
97275
-67555
-22435
14735
-24468
-81628
96020
-58877
42793
-33873
65796
7555
89515
62080
28799
63575
8405
28059
-54110
49230
-28479
42389
95616
50622
-84213
26073
75002
-49152
-16456
94093
37177
68112
-98144
16050
-46281
25005
-96438
-58887
99818
86149
55473
16329
-45236
-43463
47859
87870
-98924
-24543
52235
-66338
84099
27112
-865
-38078
8654
18655
27442
-37152
-71471
62116
-59812
67259
30692
-22066
-912
42608
67717
33902
-49050
-20222
77013
-61072
-17878
-23911
38726
74584
12863
2992
-25694
-53179
73659
-39431
76579
43513
-38814
-11046
58344
-50686
-53600
-95004
34067
71409
-2584
-47645
64148
18154
6206
21469
-81603
-99754
16042
25546
3510
51624
32909
34928
-66111
-29588
-4783
-44956
-17110
12749
-13705
-69308
63428
-82619
20481
-38645
-44476
-83666
-7096
-87203
783
-15180
-77828
15687
69021
50219
57086
-40894
1806
97567
49518
24068
77893
82675
-64859
70945
4197
33835
98193
-97200
-32636
62769
-32028
66005
-14542
83572
-40971
-52334
-29271
-75837
39805
38515
-14677
27299
60306
-73457
67242
71720
16390
-52703
1928
31036
49869
-83890
44318
-22413
70853
-65172
82669
-24025
-52495
-57094
-11907
16084
50788
49475
-48570
30975
22134
-37768
-15248
62422
-18041
5574
-29235
-41129
81559
47432
-14970
-63596
-93098
89198
-85665
94322
-84012
72215
73840
64209
67121
89689
44697
-66754
8953
98306
16333
44014
-31828
46920
-24553
-17467
-89122
40996
-60269
21345
-56133
10019
-44854
-1490
79619
-70229
75867
8549
5603
27727
-85202
-89960
-33494
29920
-11101
66416
6223
-67454
9924
-93610
-63448
2992
-66457
14602
4765
75811
77746
95676
-42367
32246
66824
-66501
36380
75149
-26256
47530
83212
28454
-43552
90841
77561
-25716
25685
28848
88828
97482
-4546
507
89166
88853
49966
74201
-67004
14024
92536
-23451
-79688
99178
46499
18658
25519
20196
45250
-17285
-30761
-26577
-42960
-33617
92879
-41811
-98215
-5573
30112
78764
-31974
-39629
-43222
-6503
-51794
39975
29816
80103
-53428
14604
46426
48172
44505
-33455
-72436
-55262
81931
74451
21958
-36848
-14337
47343
-23536
-89305
60412
76796
16963
66103
-66079
71274
-32235
48088
2952
-62529
-35662
-96993
-27947
46897
97273
-61008
-11197
-20359
-79207
-18450
-92536
63056
33811
-63697
-72128
-40388
31394
61332
-34111
97559
-28933
65098
-19301
-74799
2248
89584
-88000
-18054
-34595
-56412
60073
-70838
16945
-66481
-28421
17517
-44607
8151
-95791
-56422
-45035
87980
63455
18038
11206
26691
-92089
-3411
-63305
84307
90304
80114
26613
47311
74676
-33222
52269
41036
-28664
42844
46009
45241
40354
-41987
-1556
4780
-14679
-61081
91786
-94496
87007
-25753
5231
14762
-5658
-45678
-77845
96401
12994
27495
-82327
-21325
5574
60620
73921
42472
43134
58417
-77936
-11199
91585
-39220
89211
-56783
-23486
21387
96765
90537
59183
-22673
27735
92679
-9678
-51487
24680
50360
-67413
-32428
262
-73549
41332
38097
96738
48446
-54633
40833
65731
-93578
44188
20021
69336
-40817
-4020
-25937
75193
-24767
-39027
-53952
25521
60888
7098
-70009
83157
8526
28143
30185
-60791
43189
-89336
50302
63768
-76557
-98673
17408
31679
-74070
-85048
-98464
-55346
-76829
95152
97122
-44557
-66095
-62368
-74504
-99754
30951
-98422
-92954
73935
-2240
-80190
37682
-84689
30843
-94294
61581
9799
18470
81839
71957
35228
36316
39896
18671
48127
93432
66143
-32224
11584
81003
19778
-77873
-23185
-33351
-19318
-88827
95482
59439
-80419
-44629
-21769
-74597
24362
45762
-86674
-32451
72798
-13274
78761
-56744
-81550
-7049
-7901
-15012
8631
-95539
-63346
2438
-90335
71500
-91476
2093
-53148
-97203
-26665
8555
44532
29839
-51760
-68259
47091
49320
22386
5261
37168
-89854
-88991
17410
-83945
45309
65687
-61513
77847
-11492
-87129
15505
16040
-53390
-31931
31964
-64155
85525
63626
63704
-88248
94202
48747
-60465
47255
84956
39612
40080
68999
6648
50366
-74884
-58029
-13383
9330
12281
-96010
71082
23176
-63679
-41644
-27317
55317
79674
-58544
22299
72114
-25338
-19213
97267
76963
13849
19356
45130
98066
-91617
-58991
55485
-69129
-89367
8482
-58492
-16837
41983
65808
-82819
-74193
-79493
46953
-33673
-39311
97455
-82828
-78787
2497
-76292
58415
-5227
-87568
9881
86652
51908
-37220
-64570
2265
-456
-55963
-68329
97801
57567
-29457
-68672
-72460
64923
6040
56974
8229
1916
96013
12595
-53981
-97223
-89991
81480
-3374
91371
83172
-27834
-84268
-67170
-58699
-47205
-80983
47408
40555
-54908
-84492
-20592
23023
62737
80604
56746
69763
91484
72688
-57819
-53704
-86401
-232
-29818
-11020
16711
-37093
81908
-52151
42039
-60967
20075
-9943
-8516
35623
42451
-3845
8119
-41677
-79385
16626
-25793
71835
-75770
1128
29172
-56020
-1044
63776
86728
25809
-85231
-81407
-93891
-53484
34303
-64495
-75887
-8372
58155
76682
-34269
95385
-30558
37737
56439
-72593
-18289
-64220
-15015
-85062
-89450
34858
-45196
-66043
-93127
-54390
21630
-23502
92457
-25407
70904
-80650
42195
98304
-24552
-89893
-20582
-79234
-44020
68064
-54093
70629
-9764
-69919
34093
25328
13168
-33192
-4871
97590
65653
94438
60209
87935
-55219
-88475
-38052
20326
-97678
96116
27481
-80446
-77445
-61446
-56268
-57688
97773
98526
-36606
18245
-87966
-19043
-13433
58837
70663
-37051
19248
84452
-71017
-96421
-22650
74187
86779
35770
8069
-70047
-68993
67145
27200
-48566
-59031
-31547
56149
84236
-66117
-30777
13993
68586
44161
-37242
-89258
-95336
32943
83000
-92353
5621
8124
-70275
-68473
-11312
-10252
-24312
-81892
-66833
-19454
-77316
-55568
-52586
83347
-2783
51100
-49946
-5035
86077
-13604
-16034
-32808
-96267
-33302
-86982
4288
40694
79467
21724
33867
-1616
-62847
72675
-35823
45306
-99458
-53603
-57246
-44972
-26194
54606
-98924
-28975
1062
-46815
76037
-22930
-1627
64716
-92383
-18792
80477
48583
69681
81284
-15288
21193
-68899
-33186
-95685
52401
-80852
66867
93996
-34191
-61138
19898
-80567
6010
-65753
93641
-46962
-72554
93461
-57794
-6338
78795
-3518
71717
-89168
-2232
-99322
-76886
-78296
34305
-71298
-42711
34186
81790
73663
70324
6489
-30002
68247
16395
55455
60863
-64786
-4083
-58907
96529
35774
-93219
8212
46378
9860
96275
-14696
71690
61012
76268
39587
68955
6954
-62674
-67783
53108
66607
-41522
62621
85107
33110
49137
58761
87864
59221
-38222
56510
17940
25159
40362
-21364
88039
59474
64287
-30197
-93121
-12549
-80420
556
-63127
31474
-45129
71449
-79502
68990
60656
31661
34908
36873
-3834
75750
40707
-56430
32644
-72857
72168
-31908
-13840
-73913
-73429
60612
-12614
18333
37098
1232
-55513
35332
-65208
-19006
28046
92015
34449
23134
3004
-70673
19244
-55976
-73026
-30392
22154
89247
37856
-35950
76688
-78954
31800
-28305
6508
-6009
51559
37094
24351
87189
-39195
22921
-31989
93668
-20202
82059
8816
37776
-74227
-31867
33499
-11198
31929
23675
-93352
-45286
-15458
-1083
56659
-21932
94692
-85023
58643
-7771
-23747
-94002
-10531
46640
39474
80080
-96769
14648
25305
-46433
-91655
37826
-63911
-2714
99895
98224
-19164
35933
-16863
-94227
-76582
-28360
-64829
-46287
67122
-25901
-48494
70615
45784
68087
57721
-14571
-39416
-17045
-56411
-38340
28818
8257
-49595
-35019
11353
-89519
-79803
76398
-4906
83779
15950
-38825
93822
-44432
71387
62647
-44610
55620
83634
-44664
-29363
79929
22728
69176
-51448
-67461
-46820
70602
61627
78577
-59740
56883
-11515
50626
7386
20226
54947
-96211
32597
66451
68687
-27852
40614
63818
-28040
45262
87577
-44287
66432
-37720
36892
7921
99941
-94436
-12412
-53469
-4193
78255
-31614
-24893
94769
98413
7552
-34562
12868
-20891
-59193
70238
-93881
-86798
-70050
45634
80339
47266
-24991
-18258
49880
73802
-33347
13809
76148
3897
69320
-61214
-78827
734
49005
-13934
2932
9395
-19392
-41154
51229
-13746
-71492
57782
94262
94321
71381
-3263
-77012
50123
59355
13875
978
4573
-37755
-92625
80920
-42869
-54057
-33673
97389
3908
-39017
-12707
5248
48656
38226
53556
24109
-23109
-43166
82406
22784
95530
80652
-35382
27994
-7593
-49424
-35290
3520
16150
8320
68647
-79357
79729
-4763
36118
-18619
-65529
22378
-29119
69420
61189
-18988
-29407
66098
-347
-54598
-62032
67842
83948
83043
-95758
77296
7465
53864
-60021
-61619
-65006
5689
91571
23577
-57235
-33311
-43318
59293
87021
-78101
16838
75998
83140
84413
79890
-94896
-80190
83533
-64744
70396
-36998
36310
-66683
28070
-41478
50497
73906
-95342
-61613
-57870
-85600
-18511
-93955
88781
-58326
-644
-45951
-28584
46563
22302
-92592
-9783
-17217
-1468
-98161
-55054
-77978
-85585
-68469
-2265
55589
95562
-71801
82520
8038
87661
26297
-5590
28687
82200
14949
-78265
-4092
-49719
83576
-77398
-47935
7444
-39817
-77065
70468
-40181
34649
60838
23275
75590
87673
-15411
-40059
20638
-84948
-10512
82007
19613
-24963
21475
-56597
-58987
36117
25393
44164
56319
-55832
-16350
-68436
-17349
83953
17496
-4542
-67180
36547
63502
54664
-11765
-83787
-11184
-83509
82669
36102
71568
-39090
-52891
41145
97232
-80589
-12875
12741
58422
72258
80718
-62715
-29028
4274
-49505
19912
-50929
-70216
4445
-87113
-16525
22088
37580
-30493
-57326
97297
82851
55994
-22575
-43221
-46266
-54883
-33805
36001
2585
88488
84169
-15838
76033
14970
90232
-18858
26378
-46218
17685
93777
27746
6506
-72624
-76162
64459
9707
5253
85142
64923
11642
-43889
-28697
-27436
-75534
10112
30804
-16613
58748
-83931
-57034
-1658
80764
25829
-73340
10010
-98111
-36427
-43706
90030
90284
-234
-88212
-39923
-42954
-61231
59230
-84363
-27890
-76799
33696
90843
-97783
-3080
-34519
62820
7992
-8827
41985
10292
95229
47456
-65169
-16703
25458
-70549
-456
35123
39625
-34127
45922
-9491
-25732
5780
-79022
49079
60539
35342
-2872
22622
-81876
-7286
27367
61890
78646
81736
-62762
-25865
-90313
-78496
-91536
73640
83063
-44096
-22934
67716
-69985
61399
-42338
-31366
-95828
-90567
49169
21396
7248
7958
81612
5719
-9672
-58763
71365
-51575
-9948
80878
70001
38407
22761
23061
-86244
99382
-74988
18282
59067
-2866
99233
33652
-87197
85967
-40803
49317
-37666
28543
-24597
90107
-6938
-18068
36659
-37123
-54525
-19946
-36193
-42381
91811
2350
12356
74881
35322
-3052
85057
-77533
-12268
60189
-82297
88696
87909
48795
68280
66708
82811
67836
14346
-6180
79963
-35736
-63022
35995
21292
-77144
-14772
19529
70942
-32334
2550
-40540
-60861
-91443
-41109
55798
90205
-23830
-67715
-65398
-23124
-15162
60942
-61323
-65248
-60656
-48794
-45477
77438
-44164
-56711
-29004
46012
-15102
10725
51685
-67141
-56928
83722
-42575
52771
-22514
57616
-59148
-88553
12623
-49951
17635
-40440
50414
22268
60350
23492
31909
63038
25091
63170
-36723
47857
-73990
-44298
-51483
33466
-53816
-79365
-74038
92472
95320
85241
81069
89909
-84759
-6268
-64973
-37849
49485
5863
-60347
-48166
-59304
-58728
-28789
-75951
-10184
22581
-78408
-50187
32315
-12883
14512
79380
94314
-20412
-15903
28017
17278
-61994
-4496
60980
73141
74190
-7906
-14195
22529
-90664
75456
3659
-99441
87396
-28745
-70872
-77060
-27317
49559
70092
-31856
-70261
-9104
23239
19132
29013
-47301
-5298
8568
-62715
-86466
-76713
47225
44494
8300
38932
-780
-87109
18827
18605
86177
73422
22561
-94324
40259
69379
64039
-69238
81406
55556
61358
-90232
10583
-72449
-57063
37618
8767
30688
-19471
55438
-10324
81675
-3990
-43309
13053
63555
-21661
64248
-53854
86854
-51497
97775
21052
39807
-66360
-53793
-56214
28662
-81118
-22371
6760
96187
51882
-48426
19075
83540
-5643
-25709
64242
59445
-18475
45855
-43840
-21877
27811
95847
-38725
48322
45930
30944
-78300
-62799
23920
-43029
19814
-77380
26414
75600
32373
86582
29540
-29256
35096
5796
-36824
-71242
67708
-8566
61198
-69727
-29652
82168
74681
70335
-91702
31930
-83151
-47094
26424
24240
-13989
36596
-92634
-10232
-85355
-4078
84554
68876
-74603
35708
-64547
-96421
14507
-66922
-24759
25136
42667
-75293
30750
62486
-29867
97109
-9208
66770
10027
-92240
-36573
-91900
41140
75864
43702
-88048
-32562
67243
5973
2139
1396
-89163
45366
47517
78511
89186
-18650
-3583
76002
-49271
62776
-24731
-52297
-63240
67146
-91918
-65249
-74864
36022
-43955
-4980
86538
-37684
-81270
45177
61034
-59768
77052
-76797
-48655
6998
43077
60537
65713
50787
-47282
44072
7442
36612
-53978
-87163
66815
-60902
56695
-24303
-97349
92639
-97604
9501
-21662
-23592
45985
23977
-79650
-36837
18772
-85870
-60995
-63449
91804
36308
82338
-47880
77198
18761
18831
-42000
83652
-10227
28694
-52871
38918
26220
16176
866
-63374
-24362
-8495
-35233
24676
-38493
59191
60292
66883
83110
-11182
-1591
33303
-65734
-71870
43483
93226
64171
-43233
-63462
41866
4856
-93122
-90574
-35668
-33168
-75839
84359
38306
11313
97954
65675
-54458
97390
-19019
-58199
-93600
26241
24274
88316
19069
82169
61785
-36819
-72654
-55250
-16113
40475
-12646
10408
87451
31518
-68430
98551
10290
-63973
-5552
61175
-42259
69060
-5094
-38008
-20066
-82811
66955
-37209
26232
43796
3188
-45232
10937
37178
-5329
50072
-63531
89695
-28131
-24761
-27797
6377
-5613
57575
-75166
36691
66598
-20922
88157
-89
-61270
-66513
-12058
-41861
6258
-38681
-34245
17884
92986
-23782
8688
26352
-91889
11641
-60976
51415
12259
-92229
77059
-30222
11718
-35758
16520
67560
27601
-89074
-53549
-89430
-96944
69830
18844
37803
-45845
-15087
68950
33212
-34380
-98403
-24892
55385
15986
3112
48192
-55908
-8276
66281
67184
-75021
-22335
-29906
-85756
55796
-53611
98034
-21576
-47233
-65120
6185
11724
64455
-52100
65839
-61025
-75424
73705
10896
35672
68706
-74198
-12694
69618
-48206
4400
-8508
72046
80694
28455
31964
-1124
73168
33791
-36820
-60371
-40640
97621
41985
47515
-18956
42847
-13233
-68623
-99098
73897
-21264
-83084
21795
-84893
-79571
74440
-60082
-72973
84955
-33333
-10353
79298
60647
97087
51063
41946
-67225
5579
-40425
39849
-38298
-23606
37897
80245
-5415
-888
41623
-73878
-32939
478
16689
85873
-81981
95895
93126
-41134
77581
-1748
93707
89339
-46252
42590
-41929
75328
-94810
66979
3557
14572
-3224
-12942
-3123
70408
-25763
25142
-50524
-88753
-67128
11912
77969
-81456
-93250
-79923
-68832
-38211
34246
-89621
60696
-22372
-82463
7376
-63693
13696
-70051
89228
-86140
36976
-27266
44421
24219
-46659
53178
72253
-34567
25895
25397
9497
18713
23603
81884
-13584
-27411
77031
96398
-75701
-37138
-1353
89368
21995
-70969
6359
52280
91780
75900
57946
-52155
-89870
-30312
-21734
41058
22476
-75169
-60867
93488
96737
20147
-88471
86260
-87585
67408
-81649
29947
-5410
16264
-54880
-92528
97990
13339
-18616
-27642
-65981
37180
99066
26869
44298
-18072
69537
56496
68555
17441
-64308
-35695
-57892
-91940
9864
44051
-80859
3288
-67429
-63566
-55823
-92796
85758
-47677
48364
-75005
8583
81844
-39414
9148
-44620
98606
30887
-80826
1553
-98670
-14689
-88790
-85532
-36631
73059
-31949
2184
-17200
14310
-43485
-3682
-13339
55717
90651
34980
76600
42821
-8903
-14501
-91958
46838
10581
26729
60414
-75846
50944
-77314
86589
-63075
59846
72088
-50328
-37271
47135
55234
89853
-96823
68873
-36802
-2817
-63412
-23483
22785
54286
-86085
97820
29383
-30494
68612
44647
-57601
54625
-41770
-22261
83277
-99442
11480
356
84665
-46416
36845
-59089
30031
79177
-95438
-19749
-99273
57960
54477
-62839
89253
-27978
7807
-2803
33500
-90501
-68227
77127
44553
-50425
9007
-95838
-45785
30921
-99006
-57493
-14041
-62029
-16296
81076
-31411
89218
-56275
-75887
-14672
-7287
48181
-61574
-84530
-29916
-61783
72722
57170
-32889
-25119
-70728
29624
58151
-70611
-24694
92723
16124
86288
-23027
-9384
-5295
-45807
-569
56375
80613
-89230
-42477
-67754
-16531
-69767
26123
-1469
-24757
23938
-92110
31739
-78655
-55253
46090
71098
45612
-57674
24290
38348
65083
-72213
74151
-13930
-57937
-28624
35279
-13581
-62040
-71601
-8261
-85796
-85508
55812
-10721
12353
64791
-99549
-67846
-77053
-97224
58401
52713
-97055
-95121
-96985
94579
30037
32604
88843
22690
37200
-4738
-84436
59950
-187
55547
-41782
-59361
34332
47824
86320
90527
68511
66696
-82730
-19132
-62225
90150
95484
35808
40085
29274
-2421
-69015
-29908
-18725
-35337
85633
57633
-59892
-65015
-17696
-41748
8970
-96644
48749
135
-76216
-41280
-58495
-33333
77186
181
87732
42560
69643
-34467
99925
4979
5619
76955
-3171
67066
34043
-23881
64386
-49449
15833
12221
-78355
33616
-75553
63068
5906
13145
82173
-77355
40565
-68656
-64980
73002
4879
94148
-29276
26856
88388
-3465
-93255
24383
-42789
17930
-96821
-83708
78583
246
-53335
58582
842
-23284
15921
-81239
-71286
-13710
-78191
-71450
11471
59294
69522
-39687
-44397
87656
83412
-85949
-75352
48284
-2350
64976
-49613
16365
30446
-55137
56533
9841
77505
51452
54559
-52248
40501
77000
-26327
-64377
84953
-3921
36796
25376
-23259
95407
22518
95718
-72914
65096
67128
93445
-86407
45323
-66017
45222
8662
27965
31257
-48562
70840
-94936
-84989
-94747
46903
-54251
19511
-52710
-85173
23435
-63759
10261
-24753
52158
29722
-77235
77896
-86082
52251
-32162
-23045
-5971
-52915
99209
-24041
-98718
5502
-49559
37091
58536
-57134
31027
37296
11613
-77202
-7830
-68250
9153
44366
-27630
81357
37311
44555
6917
47147
-10
81804
-62864
-70115
48718
-81738
78004
80206
-22945
-5910
8829
32993
-49296
93689
-97875
-39412
-32892
24522
-64729
-20319
50429
-57414
-28016
-5467
-36367
-52791
52833
57890
-45878
-98821
78874
53194
24152
-5853
-20752
-37144
-16428
3493
-78857
-73366
47336
11105
4606
-80337
66724
40041
2308
-8958
-24018
-79804
-35009
79350
-24880
97943
74206
-96434
66329
-1265
83029
-40837
-58813
-2082
-88918
34723
-22354
-43407
-12736
43679
-2788
84467
-46986
6558
-27292
-71230
-80592
-5024
-24785
44700
21831
10120
-18645
57357
-45606
-73683
45434
67129
61126
-482
86700
-52326
88927
-59033
-76574
78259
91727
-19286
-93386
55015
-5297
43710
13703
71389
-15495
95883
82158
-13126
-18292
-79185
72218
97844
52855
-14833
21453
57832
98565
-68331
-63572
57901
-57905
39912
30926
76840
-1715
-96733
53039
56888
-4836
2504
-71285
3660
54856
-19747
23013
17788
-83827
-24246
95481
-66181
-33422
50440
-51664
42170
-9101
-93663
-62945
-60020
38082
-16797
-46880
70682
65322
17781
36938
-32370
-73270
-37171
-46064
-69304
12710
-53235
81273
-99961
-36357
-31279
40552
-46519
15638
68093
-2915
91563
-13038
79928
-77993
-70593
-53961
-10834
-14048
47378
88392
-61513
-98245
2578
11160
-87604
-988
5008
90884
-51022
12749
7914
-38527
10138
-93530
-6145
51597
93072
-81350
-43360
17197
71725
26495
32347
-20309
9222
6650
41363
-45515
83044
47601
52673
98777
14720
32257
26856
30290
-33515
78503
-22320
-67170
-77301
49685
89775
-58986
67301
27917
45531
-37474
70031
-60817
37557
-70637
52717
-64202
-82709
46542
-90935
47823
-74406
76018
31211
87831
76018
29994
55231
-54251
98608
-46769
-16051
-29425
-43550
-18529
78092
-52704
-92119
-93155
-73840
51270
-8855
-65216
22211
-15538
15137
-7932
812
-56570
-96927
-62283
-67012
79625
-55593
-76557
-27223
98164
77281
83289
-84787
-59595
70515
8343
-25570
46864
-21543
70938
-67764
40519
-31774
16520
-57167
-21402
-75946
-67667
25843
-79624
30135
40709
56758
92095
63571
76504
-75178
-46631
-22499
-64724
54934
63453
-22684
-89444
-80606
-71510
14146
59137
13110
-52829
90828
62393
32932
76466
-42966
92933
-25018
-64920
-35399
63008
35796
45791
-97869
-61926
-61227
95882
82171
-67909
-17290
-14290
-545
98509
-55837
69348
-305
-75861
93082
36649
-86051
50314
-80530
-67303
-49907
-96252
55439
-26517
-18354
31710
804
-97096
-87076
-71828
94728
-5694
-65103
64985
-20766
-94960
-58951
36865
-75205
-3242
20938
-77651
12258
56648
-83081
10648
-68177
94306
1718
-41405
-88536
19391
-307
2072
-46889
22602
69265
49897
-81682
-43154
-68313
-979
-72861
-30236
81275
23717
49973
-62593
83849
86826
-88007
-37278
93651
-61974
-35518
-32025
88638
-47623
-98692
-37518
-43192
-33480
5462
93720
24484
-39563
-37827
90833
77363
51465
-11920
81861
57560
73244
-74255
-21373
84688
68612
-86286
15460
-13538
49813
66799
78050
35055
-9241
34450
-78074
-82771
-71035
-17679
87398
14395
28827
1119
92831
-83522
-48559
55879
-52330
-35746
-67446
29821
-3464
-25106
14825
-20800
22263
53551
-10060
90410
-32914
34155
38905
94106
-25558
55461
18444
-5284
76326
14294
43360
18405
12563
94549
-74414
41650
-628
13188
12042
-78412
17131
-9763
10672
-33135
23084
-21427
44772
7517
-13275
-52068
92694
24896
-82959
7668
82361
71999
8471
49093
65922
-77714
-87589
4738
-21176
3946
37896
-50912
-20288
-9723
38357
-60833
-82480
-78892
12031
71883
-54721
-68902
-22697
-33345
92652
-56272
65221
57480
83336
-94634
-84403
-50219
-26655
-89090
-33595
20261
97499
-16040
52882
44871
97590
-37614
74919
79797
-70845
-41952
86681
88938
-75804
-57661
-12114
94228
-99499
82241
63016
-87493
-77627
51112
-84734
81291
-30084
18589
79334
97740
-59398
-66645
-31704
53995
-789
5946
-29253
98664
35307
-13066
90215
-56964
-20684
64015
-68032
-37031
44748
35193
-24430
9476
81725
95339
-74196
-43525
45551
-11331
-75362
-29913
14668
57162
-65871
-23904
54515
-4703
-86975
-42776
-34975
-44133
52948
84593
-24628
53561
9620
-32911
21394
17672
62470
61468
-70512
-51308
16844
-57581
-77938
38819
-98945
-15446
88470
-73193
8080
4814
-69534
-48048
5797
-48369
60764
-16746
-48796
64062
-74624
94850
82871
9535
20221
7629
42454
90902
-8481
39685
-4752
-8817
5408
61797
8027
89571
-97850
-7708
74016
849
-38429
95170
-54945
87916
-8882
13041
-82895
-48203
-87490
-29898
-48611
56463
75823
80642
35884
-99908
-82109
-19577
-93520
-85551
-34383
20819
-72168
51497
-26142
-20422
-28435
-20358
91604
-31516
-50441
-80131
-56053
5064
50915
38186
-93989
22771
-23736
58119
27833
94949
-26672
-20069
24742
59151
-6776
96874
13605
-40928
-64244
49649
4962
-29210
-46046
66267
-82570
-62609
-54271
-8831
24176
46692
-27504
40173
87687
73259
-48526
-2941
-42272
25216
53439
84180
64900
89952
25513
-36642
-48825
66368
49756
3185
20218
-92782
22171
-19503
-73151
9057
-26000
70255
26439
73632
45013
77186
12534
68046
-18594
-56
78555
37694
-30146
-22723
35254
-32274
-21
-29549
81858
-28549
39847
76482
97311
73985
-87950
9028
-18874
70555
76980
43258
-84439
-35146
-66084
-35483
-22457
18194
-96622
66804
-7875
23700
-59284
-43858
76115
-86252
-24352
55647
-11677
67132
54397
58386
-53890
-9050
-16596
-10975
4515
-43067
-90362
21542
-37389
13300
8365
-15653
-14800
-69197
-95006
24394
8708
-35808
79615
92131
-89232
57440
-73374
-67142
54318
35880
65459
-50719
-39930
16258
-57263
-59273
45377
-73833
13111
-14413
-27153
83176
-24438
97679
38420
-36445
-67061
37875
-24460
-68763
-12773
27556
7355
-56533
49809
69998
64173
56418
-72793
80399
-79946
35777
-61724
-30288
-27282
-5749
-26401
60344
76934
10068
-27481
93151
58463
-28243
-79212
-22424
74932
-47206
-18948
-26674
-10775
-76492
35157
-73450
69548
51155
-29594
62152
-32048
27850
-27810
83186
81779
37514
-85161
-17712
-90010
-16068
71639
-34952
9990
-80535
-75616
56812
56384
41262
-16262
77883
84935
2554
-45984
19467
22171
78365
-47084
-38129
-22268
10510
-63689
-70286
69068
-12256
-42869
72973
-69460
-4752
-47745
-78784
8173
13438
43901
85374
21125
16893
3717
-8341
22904
-60812
-88643
-42901
6974
-76825
-62591
68962
59765
11768
-1691
-29491
-87443
13105
-32507
-52601
35737
22455
-93349
-23603
-51538
17651
-99233
34375
26920
50114
15848
26992
63929
-69940
26320
-4123
-98545
-7647
63114
-85071
-37161
68472
-83997
-21823
10511
-66707
-16676
44675
19293
7048
68298
-53646
90714
-32531
58505
-10105
36251
94918
66459
40753
-69121
85905
-91348
67618
4184
9147
-79355
-48811
-6229
-22703
7682
-51045
-96263
-85708
-56935
14635
-15941
-33808
51706
-27905
-55007
2596
5555
90990
48647
22000
-28227
-81127
-53706
-75684
95133
2210
83429
3690
4205
59365
-3487
-11294
-87847
52701
8779
45836
17745
62035
60741
-97119
-18554
64383
-85049
12742
-80918
46081
98085
-60661
-15883
-89703
-55689
67618
24223
63774
-987
-69547
15912
-44637
76042
87943
2963
48982
-35693
49046
92952
-48313
22122
-6262
-82582
19393
-91446
-30816
-1131
91349
38792
-38988
58917
35115
78658
64517
40987
83696
-35253
-16310
51693
46510
41567
56056
-27529
-89876
-80463
25517
-39980
55348
39965
29072
13099
28747
-84971
-39263
73874
54614
23403
59860
-40821
81419
-32622
-2493
-4827
4821
-19691
40837
-21773
27518
-65698
2156
-61200
36743
16710
-20636
-49579
-36199
19237
96759
-95626
-88228
-92857
62754
58950
51581
18300
-59901
764
98329
62804
-8486
97023
-58821
-33565
-15341
-51298
55313
-12288
-61450
-42436
-22073
-77307
21078
-11998
4080
-9051
-97095
-39396
-76029
-5254
70868
-96460
51107
47162
-34137
68945
45803
-64576
35742
-74610
1559
-48295
19911
58043
-34943
-54744
65316
60704
68445
96727
-77234
34860
13911
-34736
-8564
-61040
-12469
-62099
21027
-91627
42956
-70911
-66245
-39193
41043
76991
-63031
-85131
28587
-52970
55441
49249
-6762
-52302
23974
-74001
79020
51351
97474
-89948
39999
-63209
-58886
-70772
54254
-33248
-78551
96674
-53089
94773
-44206
-99227
-46833
-6084
-4880
96199
-1712
-92518
-29181
-13814
-37854
-88048
-62698
-75578
78540
-80379
25906
-69967
-58023
76382
24223
-64381
-43535
-40076
64880
4138
-83634
75949
-58665
47724
1547
-23669
29014
-91162
-29181
-37922
-25143
1749
40863
-71198
86168
-67788
3606
74686
22112
26503
18254
-71294
8993
-29589
-21212
-13417
25945
39403
67059
19562
80831
66666
82750
90712
9420
73042
-83407
58638
35110
-82509
-10155
-50927
-71366
34466
59917
5401
21809
-61343
68083
44356
21248
-92847
-61034
55866
-56602
26993
43643
-64798
67997
75334
-95629
21503
30453
-46546
-61178
80354
93321
-41048
48986
-57313
23513
49682
55448
92001
-48898
39900
57356
79390
87661
85835
-30403
-84867
31814
13624
61984
-57662
40944
-94893
91018
-55376
95066
-600
15680
56413
51352
-12250
13160
70469
-91848
-28157
75489
-19458
-93506
72314
-65449
-47092
-7931
-26161
-88827
-89193
56143
36246
-4096
-31110
-5991
-52491
58879
81120
-15572
77131
-64085
-84361
31156
-98751
-94455
-39285
-78834
75500
31007
52005
-67610
-82379
-55060
37726
49198
-5192
-32876
46359
-90650
19113
-9907
53261
-26410
89401
21273
98138
55566
15260
11403
-35356
-854
-96393
56553
-92519
-85301
74388
-53698
35552
-35267
72377
-4889
-70430
-91760
-39330
-17459
44484
-43121
41922
22169
12259
43894
-64424
-40902
-90048
85221
94122
-14675
94077
-9701
61311
-13525
-2406
-20200
8014
-17275
-41878
89040
95260
-693
-70901
-75917
61906
-60157
34153
-19844
96669
-27895
45251
-84944
75639
20447
-20070
-49672
-88020
42642
5743
-53795
-9205
-44049
1055
-40232
64560
-30956
36962
-69726
-23374
-67480
11141
-18743
-29647
14245
76161
23373
-99176
-83021
46186
-98797
-58101
-11411
70947
-86754
-8420
37769
-94577
6805
84138
77703
87670
72239
60160
20574
75931
77663
75723
-1586
46046
20657
-80468
29199
55291
2571
4101
36553
-15087
20332
55421
20860
-27
65525
43323
-94658
-8067
65069
70225
-48201
-68089
-24481
-12244
-38573
-45964
20958
59441
-6631
-28096
-75364
87484
157
91803
-3403
-11692
96244
-78854
47261
-92270
-94696
-58097
-13713
37637
26226
50644
-98190
31450
-41165
13194
6357
44963
-38915
17647
-3889
68838
-67158
35615
53402
76830
-32581
60256
-86676
32244
99755
53023
-76592
-1546
-49086
-59428
-78896
-70468
-38183
-14035
-72808
-70833
-36574
-95142
26308
-82849
33057
-91528
13483
-96464
-45306
-51653
8310
98565
-7925
-14085
78893
25273
-65269
-66192
-70747
-30827
-29293
-17732
16845
58171
81019
75219
52602
82890
66945
54197
-59006
97392
92120
-71038
3128
97326
38325
52273
-64637
8485
-43430
39308
-78548
59403
82395
-80337
-61377
33058
-65412
-54419
94280
20076
-32159
-77019
-52431
-56082
38207
-56059
97366
96664
-95190
-59391
-61336
48431
-86649
29620
62667
16118
63306
7649
-50254
61981
52102
68791
98559
-61269
-93993
80626
57236
-85388
-30307
55496
-7884
-78735
37434
-66566
99151
-6056
44282
22509
-6343
-56380
-7448
96572
-43833
74397
6395
26890
-67309
1322
95068
-91325
55685
-2926
-86552
83303
67919
-67588
-92334
-28958
28407
49437
-83135
56051
-68693
-24591
-50658
-22059
2517
-76343
-97526
54885
44122
-22241
-67429
47719
43403
10437
18684
-13157
12973
-10642
9590
-29756
97938
-21720
39558
-47922
12206
-23233
27455
-13269
5282
-96034
-52219
-12324
62807
22326
36774
-72174
-2142
-96033
-73681
-84992
66174
-35590
15676
84264
-31856
-90980
37712
38663
-6020
75463
43211
-51054
69647
44509
45881
96665
17694
18565
54657
-98496
88195
-67207
74935
73264
-23303
-98074
-43221
55736
-5029
-11307
-37775
-77194
-51481
-21956
-40771
-99601
-41918
80065
-33371
-25418
18579
74410
54556
32820
16703
-72323
-66884
16540
-61383
-48049
25727
-82887
97350
-79400
-92917
-31054
57721
-44780
42432
-6232
-93859
-14786
53778
43071
63548
85202
95015
-52936
-19523
-68773
21470
63168
-43724
-61351
-80677
67829
-52137
82463
51347
-86315
8819
164
97655
61552
24080
-93596
-14079
49730
-64854
-49324
-82048
1259
27248
55869
-35231
37937
-61835
64605
35750
86914
43627
12699
-22590
-53865
62333
-15920
76688
5114
-47651
-70718
-73305
84716
-66632
-10460
-16479
72544
-29614
-58246
48518
-97915
-91219
47275
97795
49333
5544
2120
-48560
-80529
51501
-55773
88423
83080
-85862
7956
-26793
-62955
-86231
-97814
-16435
-9669
98391
-80078
16110
24491
-30981
-90088
93390
-81426
-96881
66449
-68511
-47766
52259
42870
63216
-41713
-90728
-17368
14441
-37070
-20090
-86091
52338
564
70753
46778
33947
52213
-3904
-13896
16883
-87465
-33512
44178
-87953
-68282
53980
-61177
-43718
-97492
68869
66207
-79259
-54166
-84684
-43972
-20935
-21927
-11184
55582
38490
-22020
63890
-82164
-40237
-81223
65543
-15911
84367
-66754
-58434
-36532
6444
98173
27753
-22394
-67233
-81343
-23024
93026
34670
75934
-92059
5413
-54772
33205
24814
2704
78393
33338
82869
-80354
63985
-78402
-97434
51991
31206
-54954
-73791
46133
20098
58194
-97294
-18214
85396
-93333
-92958
97742
18787
5277
-25052
-62433
-32647
79359
-24652
63217
-87639
-35429
-66612
25725
94691
32634
-78305
3691
40586
-19491
-61375
68504
80374
60646
-6761
82283
-59586
8891
32470
84669
-73426
42294
-51407
-97672
-629
-58055
-73315
14687
67816
48041
48524
-81942
48471
-46711
23265
32672
-5455
18786
64642
-74674
-83487
-41786
64132
28357
-28148
-39404
-17548
71656
-67832
-86466
96451
-37939
-92943
54165
88057
-77972
-87909
7287
48263
-27604
-91018
84612
27308
-19204
-2811
45515
8699
-58013
8726
-57871
-5762
17928
-23652
71747
-70250
-11979
-94102
-78269
-59031
-78989
17959
53019
-44845
59830
-80636
-9848
-77197
77558
67507
-44889
-5506
15418
-65834
18155
76098
24628
94998
71106
-74702
-81551
26888
-41711
72320
-7148
99774
88382
72366
7062
-88148
-16077
48838
-55003
-28470
93261
-86066
-34998
-72547
3644
-27676
-6521
-15605
-1747
60158
31707
-83172
-1896
14652
-71112
89005
45955
19224
25238
71818
-11214
-54282
19740
15311
-44354
95481
-72472
37510
-14538
-34112
-44828
10219
22739
-42136
-63717
38151
86862
-18637
-86477
6268
-39036
20530
-45263
16838
-71037
14558
29944
-77085
45500
49904
2113
-73361
35116
6559
85920
62265
96615
62519
-10030
71240
34585
89780
28430
-87124
-44590
-11351
-38045
-66108
-60522
-84673
-92349
-3034
-6100
-41461
81673
-57195
-4550
98220
97334
35951
79383
7739
77782
32962
56132
8615
59211
-47385
98426
76186
4706
-14240
-17415
9646
37058
-36191
27131
-75456
-35649
-31404
4745
90163
-8306
-88156
19311
-54881
-25970
-68048
-1108
-44536
-59135
-91987
-26077
-93724
-8377
-78625
63961
70914
-53568
24470
98703
-85489
-41299
67158
-35920
59854
35655
20973
18919
61181
10197
-63220
17088
-43537
96621
56922
57889
-27944
-7923
-97778
29445
44616
-95785
54484
-72003
57286
-98594
70851
-72555
-90089
-33022
-11972
57362
-53346
-94676
-20136
-53531
-52770
22998
12756
69747
84318
83801
-684
-82532
2133
-20497
33177
9903
-66523
81979
24711
78595
1269
-65015
-15673
38238
-86065
93790
-87177
83936
47530
-97834
81717
-70128
69277
-76904
19686
-15848
-64706
